This file contains the integrated total and net fluxes at each interface resp. layer. 
Fluxes given in [erg s^-1 cm^-2].
interface press.[10^-6bar] F_down F_up F_net F_dir delta_F_net F_net_conv F_add_heat F_intern
0 1.00000000000000000e+07 1.22397518596361130e+07 1.22578748710425571e+07 1.81230114064440131e+04 0.00000000000000000e+00 not_avail. 0.00000000000000000e+00 0.00000000000000000e+00 3.00000000009757525e+05
1 8.65964323360065371e+06 1.04064974850117210e+07 1.05053292885404602e+07 9.88318035287391394e+04 0.00000000000000000e+00 not_avail. 0.00000000000000000e+00 0.00000000000000000e+00
2 7.49894209332455788e+06 8.81784419660252891e+06 8.92188938271755539e+06 1.04045186115026474e+05 0.00000000000000000e+00 not_avail. 0.00000000000000000e+00 0.00000000000000000e+00
3 6.49381631576211285e+06 7.46969537571486179e+06 7.57923824793166667e+06 1.09542872216804884e+05 0.00000000000000000e+00 not_avail. 0.00000000000000000e+00 0.00000000000000000e+00
4 5.62341325190349109e+06 6.32533568393699173e+06 6.44064350122428220e+06 1.15307817287290469e+05 0.00000000000000000e+00 not_avail. 0.00000000000000000e+00 0.00000000000000000e+00
5 4.86967525165863149e+06 5.35402641376323719e+06 5.47541092897303123e+06 1.21384515209794044e+05 0.00000000000000000e+00 not_avail. 0.00000000000000000e+00 0.00000000000000000e+00
6 4.21696503428582288e+06 4.52935714344106894e+06 4.65714742844206747e+06 1.27790285000998527e+05 0.00000000000000000e+00 not_avail. 0.00000000000000000e+00 0.00000000000000000e+00
7 3.65174127254837705e+06 3.82912224981949851e+06 3.96364487115997495e+06 1.34522621340476442e+05 0.00000000000000000e+00 not_avail. 0.00000000000000000e+00 0.00000000000000000e+00
8 3.16227766016837955e+06 3.23438158004536759e+06 3.37599748938176641e+06 1.41615909336398821e+05 0.00000000000000000e+00 not_avail. 0.00000000000000000e+00 0.00000000000000000e+00
9 2.73841963426436111e+06 2.72897261503375694e+06 2.87812883440429484e+06 1.49156219370537903e+05 0.00000000000000000e+00 not_avail. 0.00000000000000000e+00 0.00000000000000000e+00
10 2.37137370566165540e+06 2.29941515847114148e+06 2.45640428115481045e+06 1.56989122683668975e+05 0.00000000000000000e+00 not_avail. 0.00000000000000000e+00 0.00000000000000000e+00
11 2.05352502645714604e+06 1.93458969342934084e+06 2.09967648560289526e+06 1.65086792173554422e+05 0.00000000000000000e+00 not_avail. 0.00000000000000000e+00 0.00000000000000000e+00
12 1.77827941003892291e+06 1.62373515141955623e+06 1.79794319983617123e+06 1.74208048416614998e+05 0.00000000000000000e+00 not_avail. 0.00000000000000000e+00 0.00000000000000000e+00
13 1.53992652605949179e+06 1.35916161382973660e+06 1.54240911798517895e+06 1.83247504155442351e+05 0.00000000000000000e+00 not_avail. 0.00000000000000000e+00 0.00000000000000000e+00
14 1.33352143216332421e+06 1.13522451091020228e+06 1.32665995978252147e+06 1.91435448872319190e+05 0.00000000000000000e+00 not_avail. 0.00000000000000000e+00 0.00000000000000000e+00
15 1.15478198468945827e+06 9.48860699628467206e+05 1.14577992998791346e+06 1.96919230359446257e+05 0.00000000000000000e+00 not_avail. 0.00000000000000000e+00 0.00000000000000000e+00
16 9.99999999999999884e+05 7.95262961768812034e+05 9.95766500838541309e+05 2.00503539069729275e+05 0.00000000000000000e+00 not_avail. 0.00000000000000000e+00 0.00000000000000000e+00
17 8.65964323360065464e+05 6.75438319996033330e+05 8.72154700685100746e+05 1.96716380689067417e+05 0.00000000000000000e+00 not_avail. 0.00000000000000000e+00 0.00000000000000000e+00
18 7.49894209332455765e+05 5.70666376382712158e+05 7.78041348987578996e+05 2.07374972604866838e+05 0.00000000000000000e+00 not_avail. 0.00000000000000000e+00 0.00000000000000000e+00
19 6.49381631576211425e+05 4.76990555189305451e+05 7.00281947923500440e+05 2.23291392734194989e+05 0.00000000000000000e+00 not_avail. 0.00000000000000000e+00 0.00000000000000000e+00
20 5.62341325190349133e+05 3.95437600094699941e+05 6.33719559489693027e+05 2.38281959394993086e+05 0.00000000000000000e+00 not_avail. 0.00000000000000000e+00 0.00000000000000000e+00
21 4.86967525165863044e+05 3.23940149765317852e+05 5.77879976182479062e+05 2.53939826417161210e+05 0.00000000000000000e+00 not_avail. 0.00000000000000000e+00 0.00000000000000000e+00
22 4.21696503428582335e+05 2.63089614191378700e+05 5.30017404681010754e+05 2.66927790489632054e+05 0.00000000000000000e+00 not_avail. 0.00000000000000000e+00 0.00000000000000000e+00
23 3.65174127254837716e+05 2.13013851715746336e+05 4.88818544948334224e+05 2.75804693232587888e+05 0.00000000000000000e+00 not_avail. 0.00000000000000000e+00 0.00000000000000000e+00
24 3.16227766016837966e+05 1.71668394481246709e+05 4.54470960187817167e+05 2.82802565706570458e+05 0.00000000000000000e+00 not_avail. 0.00000000000000000e+00 0.00000000000000000e+00
25 2.73841963426436123e+05 1.38094978488319903e+05 4.25740631997331860e+05 2.87645653509011958e+05 0.00000000000000000e+00 not_avail. 0.00000000000000000e+00 0.00000000000000000e+00
26 2.37137370566165511e+05 1.11270455955081474e+05 4.01696515568583272e+05 2.90426059613501769e+05 0.00000000000000000e+00 not_avail. 0.00000000000000000e+00 0.00000000000000000e+00
27 2.05352502645714558e+05 8.94626314014953678e+04 3.82161071146899660e+05 2.92698439745404292e+05 0.00000000000000000e+00 not_avail. 0.00000000000000000e+00 0.00000000000000000e+00
28 1.77827941003892367e+05 7.19418026173371472e+04 3.66145813704193570e+05 2.94204011086856422e+05 0.00000000000000000e+00 not_avail. 0.00000000000000000e+00 0.00000000000000000e+00
29 1.53992652605949261e+05 5.78932384649721353e+04 3.53058747781566228e+05 2.95165509316594107e+05 0.00000000000000000e+00 not_avail. 0.00000000000000000e+00 0.00000000000000000e+00
30 1.33352143216332421e+05 4.65555185951374006e+04 3.42466360898011189e+05 2.95910842302873789e+05 0.00000000000000000e+00 not_avail. 0.00000000000000000e+00 0.00000000000000000e+00
31 1.15478198468945819e+05 3.74706106270903401e+04 3.33842411725650833e+05 2.96371801098560507e+05 0.00000000000000000e+00 not_avail. 0.00000000000000000e+00 0.00000000000000000e+00
32 9.99999999999999854e+04 3.01573402482835118e+04 3.26866892462738208e+05 2.96709552214454685e+05 0.00000000000000000e+00 not_avail. 0.00000000000000000e+00 0.00000000000000000e+00
33 8.65964323360065755e+04 2.42692240599681681e+04 3.21228381150635483e+05 2.96959157090667286e+05 0.00000000000000000e+00 not_avail. 0.00000000000000000e+00 0.00000000000000000e+00
34 7.49894209332456085e+04 1.95493992871600058e+04 3.16653886829491123e+05 2.97104487542331102e+05 0.00000000000000000e+00 not_avail. 0.00000000000000000e+00 0.00000000000000000e+00
35 6.49381631576211366e+04 1.57414102772670940e+04 3.12968549946327286e+05 2.97227139669060183e+05 0.00000000000000000e+00 not_avail. 0.00000000000000000e+00 0.00000000000000000e+00
36 5.62341325190349089e+04 1.26760463917010966e+04 3.09993384169023193e+05 2.97317337777322100e+05 0.00000000000000000e+00 not_avail. 0.00000000000000000e+00 0.00000000000000000e+00
37 4.86967525165863044e+04 1.02115006648664985e+04 3.07589045666213962e+05 2.97377545001347491e+05 0.00000000000000000e+00 not_avail. 0.00000000000000000e+00 0.00000000000000000e+00
38 4.21696503428582437e+04 8.22481276922498546e+03 3.05651332924912916e+05 2.97426520155687933e+05 0.00000000000000000e+00 not_avail. 0.00000000000000000e+00 0.00000000000000000e+00
39 3.65174127254837804e+04 6.62576156852803979e+03 3.04087642743546516e+05 2.97461881175018498e+05 0.00000000000000000e+00 not_avail. 0.00000000000000000e+00 0.00000000000000000e+00
40 3.16227766016837995e+04 5.33803293365398986e+03 3.02826300703130080e+05 2.97488267769476108e+05 0.00000000000000000e+00 not_avail. 0.00000000000000000e+00 0.00000000000000000e+00
41 2.73841963426436123e+04 4.30048092997230015e+03 3.01809629259864916e+05 2.97509148329892603e+05 0.00000000000000000e+00 not_avail. 0.00000000000000000e+00 0.00000000000000000e+00
42 2.37137370566165482e+04 3.46510329068366036e+03 3.00989479862394975e+05 2.97524376571711327e+05 0.00000000000000000e+00 not_avail. 0.00000000000000000e+00 0.00000000000000000e+00
43 2.05352502645714703e+04 2.79190181107269154e+03 3.00328539065984893e+05 2.97536637254912173e+05 0.00000000000000000e+00 not_avail. 0.00000000000000000e+00 0.00000000000000000e+00
44 1.77827941003892338e+04 2.24951730816371673e+03 2.99795791999843670e+05 2.97546274691679981e+05 0.00000000000000000e+00 not_avail. 0.00000000000000000e+00 0.00000000000000000e+00
45 1.53992652605949224e+04 1.81264870896224306e+03 2.99366217955105763e+05 2.97553569246143510e+05 0.00000000000000000e+00 not_avail. 0.00000000000000000e+00 0.00000000000000000e+00
46 1.33352143216332406e+04 1.46059475520585534e+03 2.99020078658822167e+05 2.97559483903616318e+05 0.00000000000000000e+00 not_avail. 0.00000000000000000e+00 0.00000000000000000e+00
47 1.15478198468945793e+04 1.17692858165112739e+03 2.98741069319508329e+05 2.97564140737857204e+05 0.00000000000000000e+00 not_avail. 0.00000000000000000e+00 0.00000000000000000e+00
48 1.00000000000000036e+04 9.48388992619232113e+02 2.98516192958522821e+05 2.97567803965903586e+05 0.00000000000000000e+00 not_avail. 0.00000000000000000e+00 0.00000000000000000e+00
49 8.65964323360065646e+03 7.64219564197482100e+02 2.98334968422177306e+05 2.97570748857979837e+05 0.00000000000000000e+00 not_avail. 0.00000000000000000e+00 0.00000000000000000e+00
50 7.49894209332455921e+03 6.15828814969011205e+02 2.98188907334448828e+05 2.97573078519479837e+05 0.00000000000000000e+00 not_avail. 0.00000000000000000e+00 0.00000000000000000e+00
51 6.49381631576211385e+03 4.96254694492190595e+02 2.98071202884479251e+05 2.97574948189987044e+05 0.00000000000000000e+00 not_avail. 0.00000000000000000e+00 0.00000000000000000e+00
52 5.62341325190349016e+03 3.99893252195419109e+02 2.97976346666027734e+05 2.97576453413832292e+05 0.00000000000000000e+00 not_avail. 0.00000000000000000e+00 0.00000000000000000e+00
53 4.86967525165863026e+03 3.22252078677368615e+02 2.97899905106198392e+05 2.97577653027521039e+05 0.00000000000000000e+00 not_avail. 0.00000000000000000e+00 0.00000000000000000e+00
54 4.21696503428582037e+03 2.59679205797916836e+02 2.97838303792973049e+05 2.97578624587175145e+05 0.00000000000000000e+00 not_avail. 0.00000000000000000e+00 0.00000000000000000e+00
55 3.65174127254837504e+03 2.09257243118763910e+02 2.97788664313490619e+05 2.97579407070371846e+05 0.00000000000000000e+00 not_avail. 0.00000000000000000e+00 0.00000000000000000e+00
56 3.16227766016838223e+03 1.68625257382474530e+02 2.97748661032149277e+05 2.97580035774766817e+05 0.00000000000000000e+00 not_avail. 0.00000000000000000e+00 0.00000000000000000e+00
57 2.73841963426436314e+03 1.35881502132391404e+02 2.97716425038810878e+05 2.97580543536678480e+05 0.00000000000000000e+00 not_avail. 0.00000000000000000e+00 0.00000000000000000e+00
58 2.37137370566165646e+03 1.09496036403319067e+02 2.97690448332422355e+05 2.97580952296019008e+05 0.00000000000000000e+00 not_avail. 0.00000000000000000e+00 0.00000000000000000e+00
59 2.05352502645714685e+03 8.82326041135294616e+01 2.97669514301112271e+05 2.97581281696998747e+05 0.00000000000000000e+00 not_avail. 0.00000000000000000e+00 0.00000000000000000e+00
60 1.77827941003892329e+03 7.10983964969592535e+01 2.97652645979287743e+05 2.97581547582790779e+05 0.00000000000000000e+00 not_avail. 0.00000000000000000e+00 0.00000000000000000e+00
61 1.53992652605949229e+03 5.72902187970034973e+01 2.97639051933036419e+05 2.97581761714239430e+05 0.00000000000000000e+00 not_avail. 0.00000000000000000e+00 0.00000000000000000e+00
62 1.33352143216332388e+03 4.61627755598915215e+01 2.97628098226390604e+05 2.97581935450830730e+05 0.00000000000000000e+00 not_avail. 0.00000000000000000e+00 0.00000000000000000e+00
63 1.15478198468945789e+03 3.71951345516172154e+01 2.97619271742114390e+05 2.97582076607562776e+05 0.00000000000000000e+00 not_avail. 0.00000000000000000e+00 0.00000000000000000e+00
64 9.99999999999999659e+02 2.99681529832363687e+01 2.97612159286181210e+05 2.97582191133197979e+05 0.00000000000000000e+00 not_avail. 0.00000000000000000e+00 0.00000000000000000e+00
65 8.65964323360065009e+02 2.41442709117592180e+01 2.97606428193612141e+05 2.97582283922700386e+05 0.00000000000000000e+00 not_avail. 0.00000000000000000e+00 0.00000000000000000e+00
66 7.49894209332456398e+02 1.94507680461762504e+01 2.97601809794244647e+05 2.97582359026198450e+05 0.00000000000000000e+00 not_avail. 0.00000000000000000e+00 0.00000000000000000e+00
67 6.49381631576211817e+02 1.56686563423493546e+01 2.97598088397132989e+05 2.97582419740790618e+05 0.00000000000000000e+00 not_avail. 0.00000000000000000e+00 0.00000000000000000e+00
68 5.62341325190349380e+02 1.26206893610660842e+01 2.97595089416847273e+05 2.97582468727486208e+05 0.00000000000000000e+00 not_avail. 0.00000000000000000e+00 0.00000000000000000e+00
69 4.86967525165863321e+02 1.01645429429717602e+01 2.97592672822901804e+05 2.97582508279958856e+05 0.00000000000000000e+00 not_avail. 0.00000000000000000e+00 0.00000000000000000e+00
70 4.21696503428582332e+02 8.18523716340265572e+00 2.97590725448391633e+05 2.97582540211228246e+05 0.00000000000000000e+00 not_avail. 0.00000000000000000e+00 0.00000000000000000e+00
71 3.65174127254837742e+02 6.59017921814451313e+00 2.97589156160209037e+05 2.97582565980990883e+05 0.00000000000000000e+00 not_avail. 0.00000000000000000e+00 0.00000000000000000e+00
72 3.16227766016837961e+02 5.30484775486281457e+00 2.97587891618848138e+05 2.97582586771093251e+05 0.00000000000000000e+00 not_avail. 0.00000000000000000e+00 0.00000000000000000e+00
73 2.73841963426436052e+02 4.26901885649004598e+00 2.97586872555901355e+05 2.97582603537044837e+05 0.00000000000000000e+00 not_avail. 0.00000000000000000e+00 0.00000000000000000e+00
74 2.37137370566165430e+02 3.43435351323553917e+00 2.97586051389035536e+05 2.97582617035522300e+05 0.00000000000000000e+00 not_avail. 0.00000000000000000e+00 0.00000000000000000e+00
75 2.05352502645714509e+02 2.76171343590544494e+00 2.97585389630692080e+05 2.97582627917256148e+05 0.00000000000000000e+00 not_avail. 0.00000000000000000e+00 0.00000000000000000e+00
76 1.77827941003892420e+02 2.21968389544419509e+00 2.97584856374232098e+05 2.97582636690336629e+05 0.00000000000000000e+00 not_avail. 0.00000000000000000e+00 0.00000000000000000e+00
77 1.53992652605949331e+02 1.78289248894211827e+00 2.97584426655366668e+05 2.97582643762877735e+05 0.00000000000000000e+00 not_avail. 0.00000000000000000e+00 0.00000000000000000e+00
78 1.33352143216332479e+02 1.43089729475660299e+00 2.97584080361511442e+05 2.97582649464216665e+05 0.00000000000000000e+00 not_avail. 0.00000000000000000e+00 0.00000000000000000e+00
79 1.15478198468945862e+02 1.14725627456625667e+00 2.97583801314704237e+05 2.97582654058429645e+05 0.00000000000000000e+00 not_avail. 0.00000000000000000e+00 0.00000000000000000e+00
80 1.00000000000000028e+02 9.18677633109494463e-01 2.97583576433246897e+05 2.97582657755613793e+05 0.00000000000000000e+00 not_avail. 0.00000000000000000e+00 0.00000000000000000e+00
81 8.65964323360065578e+01 7.34488491012014633e-01 2.97583395222961903e+05 2.97582660734470875e+05 0.00000000000000000e+00 not_avail. 0.00000000000000000e+00 0.00000000000000000e+00
82 7.49894209332455830e+01 5.86055254882460241e-01 2.97583249190633011e+05 2.97582663135378156e+05 0.00000000000000000e+00 not_avail. 0.00000000000000000e+00 0.00000000000000000e+00
83 6.49381631576211191e+01 4.66444001286993315e-01 2.97583131514301582e+05 2.97582665070300282e+05 0.00000000000000000e+00 not_avail. 0.00000000000000000e+00 0.00000000000000000e+00
84 5.62341325190348869e+01 3.70056736216231530e-01 2.97583036686406180e+05 2.97582666629669955e+05 0.00000000000000000e+00 not_avail. 0.00000000000000000e+00 0.00000000000000000e+00
85 4.86967525165862867e+01 2.92381278978405490e-01 2.97582960267684422e+05 2.97582667886405427e+05 0.00000000000000000e+00 not_avail. 0.00000000000000000e+00 0.00000000000000000e+00
86 4.21696503428582687e+01 2.29789963106620393e-01 2.97582898689110822e+05 2.97582668899147713e+05 0.00000000000000000e+00 not_avail. 0.00000000000000000e+00 0.00000000000000000e+00
87 3.65174127254838012e+01 1.79348586865310383e-01 2.97582849063925096e+05 2.97582669715338212e+05 0.00000000000000000e+00 not_avail. 0.00000000000000000e+00 0.00000000000000000e+00
88 3.16227766016838139e+01 1.38702636724606448e-01 2.97582809075690282e+05 2.97582670373053581e+05 0.00000000000000000e+00 not_avail. 0.00000000000000000e+00 0.00000000000000000e+00
89 2.73841963426436266e+01 1.05947341902681874e-01 2.97582776850443683e+05 2.97582670903101796e+05 0.00000000000000000e+00 not_avail. 0.00000000000000000e+00 0.00000000000000000e+00
90 2.37137370566165622e+01 7.95521255567402802e-02 2.97582750882366148e+05 2.97582671330240613e+05 0.00000000000000000e+00 not_avail. 0.00000000000000000e+00 0.00000000000000000e+00
91 2.05352502645714665e+01 5.82819849740418075e-02 2.97582729956435214e+05 2.97582671674450219e+05 0.00000000000000000e+00 not_avail. 0.00000000000000000e+00 0.00000000000000000e+00
92 1.77827941003892285e+01 4.11410122786555962e-02 2.97582713092854945e+05 2.97582671951842669e+05 0.00000000000000000e+00 not_avail. 0.00000000000000000e+00 0.00000000000000000e+00
93 1.53992652605949178e+01 2.73287966234432543e-02 2.97582699504165270e+05 2.97582672175368643e+05 0.00000000000000000e+00 not_avail. 0.00000000000000000e+00 0.00000000000000000e+00
94 1.33352143216332362e+01 1.61977193851985217e-02 2.97582688553226413e+05 2.97582672355507035e+05 0.00000000000000000e+00 not_avail. 0.00000000000000000e+00 0.00000000000000000e+00
95 1.15478198468945781e+01 7.22820592068256808e-03 2.97582679728870979e+05 2.97582672500665067e+05 0.00000000000000000e+00 not_avail. 0.00000000000000000e+00 0.00000000000000000e+00
96 1.00000000000000036e+01 0.00000000000000000e+00 2.97582672617643548e+05 2.97582672617643548e+05 0.00000000000000000e+00 not_avail. 0.00000000000000000e+00 not_avail.