This file contains the integrated total and net fluxes at each interface resp. layer. 
Fluxes given in [erg s^-1 cm^-2].
interface press.[10^-6bar] F_down F_up F_net F_dir delta_F_net F_net_conv F_add_heat F_intern
0 1.00000000000000000e+07 1.34577707583252732e+07 1.39895186197554097e+07 5.31747861430136487e+05 0.00000000000000000e+00 not_avail. 0.00000000000000000e+00 0.00000000000000000e+00 3.00000956991054001e+05
1 9.30572027202155627e+06 1.23953571395060215e+07 1.34577707604021151e+07 1.06241362089609355e+06 0.00000000000000000e+00 not_avail. 0.00000000000000000e+00 0.00000000000000000e+00
2 8.65964297811129689e+06 1.14167419844431952e+07 1.23953571610623486e+07 9.78615176619153470e+05 0.00000000000000000e+00 not_avail. 0.00000000000000000e+00 0.00000000000000000e+00
3 8.05842152098794281e+06 1.05153838769910075e+07 1.14167421144752838e+07 9.01358237484276295e+05 0.00000000000000000e+00 not_avail. 0.00000000000000000e+00 0.00000000000000000e+00
4 7.49894165083522815e+06 9.68512309486883506e+06 1.05153845245338734e+07 8.30261429665038362e+05 0.00000000000000000e+00 not_avail. 0.00000000000000000e+00 0.00000000000000000e+00
5 6.97830533388841897e+06 8.92061432861824147e+06 9.68512580567672662e+06 7.64511477058485150e+05 0.00000000000000000e+00 not_avail. 0.00000000000000000e+00 0.00000000000000000e+00
6 6.49381574099216238e+06 8.21616492611792404e+06 8.92062404349960573e+06 7.04459117381681688e+05 0.00000000000000000e+00 not_avail. 0.00000000000000000e+00 0.00000000000000000e+00
7 6.04296327837234549e+06 7.56759490121886414e+06 8.21619523749133293e+06 6.48600336272468790e+05 0.00000000000000000e+00 not_avail. 0.00000000000000000e+00 0.00000000000000000e+00
8 5.62341258826313820e+06 6.97010458168661222e+06 7.56767840000676177e+06 5.97573818320149556e+05 0.00000000000000000e+00 not_avail. 0.00000000000000000e+00 0.00000000000000000e+00
9 5.23299045205415040e+06 6.41967273921597656e+06 6.97031034288654197e+06 5.50637603670565411e+05 0.00000000000000000e+00 not_avail. 0.00000000000000000e+00 0.00000000000000000e+00
10 4.86967453329755645e+06 5.91261761144755129e+06 6.42013083063268755e+06 5.07513219185136259e+05 0.00000000000000000e+00 not_avail. 0.00000000000000000e+00 0.00000000000000000e+00
11 4.53158290226541832e+06 5.44536824837340321e+06 5.91354976075446978e+06 4.68181512381066568e+05 0.00000000000000000e+00 not_avail. 0.00000000000000000e+00 0.00000000000000000e+00
12 4.21696428779575881e+06 5.01477071709313989e+06 5.44711873497348931e+06 4.32348017880349420e+05 0.00000000000000000e+00 not_avail. 0.00000000000000000e+00 0.00000000000000000e+00
13 3.92418900593319349e+06 4.61783228486268409e+06 5.01783001246041711e+06 3.99997727597733028e+05 0.00000000000000000e+00 not_avail. 0.00000000000000000e+00 0.00000000000000000e+00
14 3.65174051837566402e+06 4.25174560528611112e+06 4.62284711087142210e+06 3.71101505585310981e+05 0.00000000000000000e+00 not_avail. 0.00000000000000000e+00 0.00000000000000000e+00
15 3.39820757700109296e+06 3.91396311259130621e+06 4.25950579947011173e+06 3.45542686878805514e+05 0.00000000000000000e+00 not_avail. 0.00000000000000000e+00 0.00000000000000000e+00
16 3.16227691378363268e+06 3.60228352960879821e+06 3.92538038800346106e+06 3.23096858394662850e+05 0.00000000000000000e+00 not_avail. 0.00000000000000000e+00 0.00000000000000000e+00
17 2.94272643823421188e+06 3.31456065956158517e+06 3.61834795143186767e+06 3.03787291870282497e+05 0.00000000000000000e+00 not_avail. 0.00000000000000000e+00 0.00000000000000000e+00
18 2.73841890712899016e+06 3.04875277607337106e+06 3.33630012889680825e+06 2.87547352823437192e+05 0.00000000000000000e+00 not_avail. 0.00000000000000000e+00 0.00000000000000000e+00
19 2.54829603373573581e+06 2.80325882084259298e+06 3.07716941462803446e+06 2.73910593785441481e+05 0.00000000000000000e+00 not_avail. 0.00000000000000000e+00 0.00000000000000000e+00
20 2.37137300602467684e+06 2.57635162746686256e+06 2.83929094112329930e+06 2.62939313656436745e+05 0.00000000000000000e+00 not_avail. 0.00000000000000000e+00 0.00000000000000000e+00
21 2.20673338546885271e+06 2.36658893333423184e+06 2.62086822079296177e+06 2.54279287458729930e+05 0.00000000000000000e+00 not_avail. 0.00000000000000000e+00 0.00000000000000000e+00
22 2.05352436001042672e+06 2.17270855675260909e+06 2.42033756292375550e+06 2.47629006171146408e+05 0.00000000000000000e+00 not_avail. 0.00000000000000000e+00 0.00000000000000000e+00
23 1.91095232660391228e+06 1.99350270747380750e+06 2.23631236559103848e+06 2.42809658117230982e+05 0.00000000000000000e+00 not_avail. 0.00000000000000000e+00 0.00000000000000000e+00
24 1.77827878045447893e+06 1.82780607428149600e+06 2.06746129956191825e+06 2.39655225280422252e+05 0.00000000000000000e+00 not_avail. 0.00000000000000000e+00 0.00000000000000000e+00
25 1.65481648965810100e+06 1.67445244692403660e+06 1.91254827350711753e+06 2.38095826583080925e+05 0.00000000000000000e+00 not_avail. 0.00000000000000000e+00 0.00000000000000000e+00
26 1.53992593542869436e+06 1.53267703215401829e+06 1.77028250640925905e+06 2.37605474255240755e+05 0.00000000000000000e+00 not_avail. 0.00000000000000000e+00 0.00000000000000000e+00
27 1.43301199947305606e+06 1.40176432733018324e+06 1.63971543117999751e+06 2.37951103849814273e+05 0.00000000000000000e+00 not_avail. 0.00000000000000000e+00 0.00000000000000000e+00
28 1.33352088135465654e+06 1.28097762539008772e+06 1.52002106997248810e+06 2.39043444582400378e+05 0.00000000000000000e+00 not_avail. 0.00000000000000000e+00 0.00000000000000000e+00
29 1.24093722987860790e+06 1.16994935079901293e+06 1.41024360393106425e+06 2.40294253132051323e+05 0.00000000000000000e+00 not_avail. 0.00000000000000000e+00 0.00000000000000000e+00
30 1.15478147363876365e+06 1.06889067184892413e+06 1.30951737062421418e+06 2.40626698775290046e+05 0.00000000000000000e+00 not_avail. 0.00000000000000000e+00 0.00000000000000000e+00
31 1.07460733689951734e+06 9.78643620203819009e+05 1.21713803227356751e+06 2.38494412069748505e+05 0.00000000000000000e+00 not_avail. 0.00000000000000000e+00 0.00000000000000000e+00
32 9.99999527944893693e+05 8.97468132178313565e+05 1.13413810139880492e+06 2.36669969220491359e+05 0.00000000000000000e+00 not_avail. 0.00000000000000000e+00 0.00000000000000000e+00
33 9.30571587920878548e+05 8.24598677807327011e+05 1.05955927038162271e+06 2.34960592574295704e+05 0.00000000000000000e+00 not_avail. 0.00000000000000000e+00 0.00000000000000000e+00
34 8.65963889028261066e+05 7.58941938521597418e+05 9.92783773080573417e+05 2.33841834558975999e+05 0.00000000000000000e+00 not_avail. 0.00000000000000000e+00 0.00000000000000000e+00
35 8.05841771696891403e+05 6.99680259840887738e+05 9.32960555275624851e+05 2.33280295434737112e+05 0.00000000000000000e+00 not_avail. 0.00000000000000000e+00 0.00000000000000000e+00
36 7.49893811092153075e+05 6.45334299794449587e+05 8.79804937257798389e+05 2.34470637463348801e+05 0.00000000000000000e+00 not_avail. 0.00000000000000000e+00 0.00000000000000000e+00
37 6.97830203974375268e+05 5.96620115951979184e+05 8.31380606009816402e+05 2.34760490057837218e+05 0.00000000000000000e+00 not_avail. 0.00000000000000000e+00 0.00000000000000000e+00
38 6.49381267555328319e+05 5.50991364246414742e+05 7.88918814526889008e+05 2.37927450280474266e+05 0.00000000000000000e+00 not_avail. 0.00000000000000000e+00 0.00000000000000000e+00
39 6.04296042576067382e+05 5.08079258073032019e+05 7.51172625191525789e+05 2.43093367118493770e+05 0.00000000000000000e+00 not_avail. 0.00000000000000000e+00 0.00000000000000000e+00
40 5.62340993370251148e+05 4.68203272321527416e+05 7.16887136850942741e+05 2.48683864529415325e+05 0.00000000000000000e+00 not_avail. 0.00000000000000000e+00 0.00000000000000000e+00
41 5.23298798179428675e+05 4.31536179778677004e+05 6.85420863581213285e+05 2.53884683802536281e+05 0.00000000000000000e+00 not_avail. 0.00000000000000000e+00 0.00000000000000000e+00
42 4.86967223454282561e+05 3.97164455323004862e+05 6.57180646430838271e+05 2.60016191107833409e+05 0.00000000000000000e+00 not_avail. 0.00000000000000000e+00 0.00000000000000000e+00
43 4.53158076310856850e+05 3.65276538057262835e+05 6.31458542952725431e+05 2.66182004895462596e+05 0.00000000000000000e+00 not_avail. 0.00000000000000000e+00 0.00000000000000000e+00
44 4.21696229715623253e+05 3.36009865434251784e+05 6.07808362265747390e+05 2.71798496831495606e+05 0.00000000000000000e+00 not_avail. 0.00000000000000000e+00 0.00000000000000000e+00
45 3.92418715349973470e+05 3.08956691150906845e+05 5.86339442476986093e+05 2.77382751326079248e+05 0.00000000000000000e+00 not_avail. 0.00000000000000000e+00 0.00000000000000000e+00
46 3.65173879455290560e+05 2.83733580751717265e+05 5.67069226688222494e+05 2.83335645936505229e+05 0.00000000000000000e+00 not_avail. 0.00000000000000000e+00 0.00000000000000000e+00
47 3.39820597285985365e+05 2.60421437738533888e+05 5.49586015885158326e+05 2.89164578146624437e+05 0.00000000000000000e+00 not_avail. 0.00000000000000000e+00 0.00000000000000000e+00
48 3.16227542101466854e+05 2.38694483401521749e+05 5.33916470034996746e+05 2.95221986633474997e+05 0.00000000000000000e+00 not_avail. 0.00000000000000000e+00 0.00000000000000000e+00
49 2.94272504910517018e+05 2.18508816295817494e+05 5.19823849223360594e+05 3.01315032927543100e+05 0.00000000000000000e+00 not_avail. 0.00000000000000000e+00 0.00000000000000000e+00
50 2.73841761444436037e+05 1.99876472550136066e+05 5.07061671962115681e+05 3.07185199411979644e+05 0.00000000000000000e+00 not_avail. 0.00000000000000000e+00 0.00000000000000000e+00
51 2.54829483079958067e+05 1.82545242525632697e+05 4.95660552975885628e+05 3.13115310450252960e+05 0.00000000000000000e+00 not_avail. 0.00000000000000000e+00 0.00000000000000000e+00
52 2.37137188660593936e+05 1.66530667000661517e+05 4.85393141178526625e+05 3.18862474177865079e+05 0.00000000000000000e+00 not_avail. 0.00000000000000000e+00 0.00000000000000000e+00
53 2.20673234376909037e+05 1.51761331563603715e+05 4.76144865300120204e+05 3.24383533736516489e+05 0.00000000000000000e+00 not_avail. 0.00000000000000000e+00 0.00000000000000000e+00
54 2.05352339063376625e+05 1.38118935654597764e+05 4.67860070004631532e+05 3.29741134350033768e+05 0.00000000000000000e+00 not_avail. 0.00000000000000000e+00 0.00000000000000000e+00
55 1.91095142452910863e+05 1.25586576773320965e+05 4.60394083820311993e+05 3.34807507046991028e+05 0.00000000000000000e+00 not_avail. 0.00000000000000000e+00 0.00000000000000000e+00
56 1.77827794100889965e+05 1.14068679071210281e+05 4.53692904283826356e+05 3.39624225212616089e+05 0.00000000000000000e+00 not_avail. 0.00000000000000000e+00 0.00000000000000000e+00
57 1.65481570849352778e+05 1.03498078894972743e+05 4.47679548721129831e+05 3.44181469826157088e+05 0.00000000000000000e+00 not_avail. 0.00000000000000000e+00 0.00000000000000000e+00
58 1.53992520849879307e+05 9.38384386662587640e+04 4.42259290246803721e+05 3.48420851580544957e+05 0.00000000000000000e+00 not_avail. 0.00000000000000000e+00 0.00000000000000000e+00
59 1.43301132301242469e+05 8.49950485239834670e+04 4.37404403344000108e+05 3.52409354820016655e+05 0.00000000000000000e+00 not_avail. 0.00000000000000000e+00 0.00000000000000000e+00
60 1.33352025185931474e+05 7.69239951803259173e+04 4.33043786101701029e+05 3.56119790921375097e+05 0.00000000000000000e+00 not_avail. 0.00000000000000000e+00 0.00000000000000000e+00
61 1.24093664408785247e+05 6.95752773149460845e+04 4.29120729826699826e+05 3.59545452511753771e+05 0.00000000000000000e+00 not_avail. 0.00000000000000000e+00 0.00000000000000000e+00
62 1.15478092851827241e+05 6.28785722369153082e+04 4.25604649285326770e+05 3.62726077048411476e+05 0.00000000000000000e+00 not_avail. 0.00000000000000000e+00 0.00000000000000000e+00
63 1.07460682962563689e+05 5.67933780906202155e+04 4.22444080180585152e+05 3.65650702089964936e+05 0.00000000000000000e+00 not_avail. 0.00000000000000000e+00 0.00000000000000000e+00
64 9.99999055890010204e+04 5.12681600173373226e+04 4.19605562732040184e+05 3.68337402714702883e+05 0.00000000000000000e+00 not_avail. 0.00000000000000000e+00 0.00000000000000000e+00
65 9.30571148639808962e+04 4.62540680959131059e+04 4.17059238423751376e+05 3.70805170327838277e+05 0.00000000000000000e+00 not_avail. 0.00000000000000000e+00 0.00000000000000000e+00
66 8.65963480245585233e+04 4.17131204853614327e+04 4.14769975181927846e+05 3.73056854696566414e+05 0.00000000000000000e+00 not_avail. 0.00000000000000000e+00 0.00000000000000000e+00
67 8.05841391295167996e+04 3.75998040742947196e+04 4.12715987095695455e+05 3.75116183021400706e+05 0.00000000000000000e+00 not_avail. 0.00000000000000000e+00 0.00000000000000000e+00
68 7.49893457100950327e+04 3.38782217084045624e+04 4.10872011412063788e+05 3.76993789703659248e+05 0.00000000000000000e+00 not_avail. 0.00000000000000000e+00 0.00000000000000000e+00
69 6.97829874560063909e+04 3.05155377917721489e+04 4.09214863652363652e+05 3.78699325860591489e+05 0.00000000000000000e+00 not_avail. 0.00000000000000000e+00 0.00000000000000000e+00
70 6.49380961011585023e+04 2.74763224184886421e+04 4.07728686253017688e+05 3.80252363834529067e+05 0.00000000000000000e+00 not_avail. 0.00000000000000000e+00 0.00000000000000000e+00
71 6.04295757315034498e+04 2.47326740489712320e+04 4.06393936418529833e+05 3.81661262369558623e+05 0.00000000000000000e+00 not_avail. 0.00000000000000000e+00 0.00000000000000000e+00
72 5.62340727914313757e+04 2.22572212508745761e+04 4.05195190647251438e+05 3.82937969396376866e+05 0.00000000000000000e+00 not_avail. 0.00000000000000000e+00 0.00000000000000000e+00
73 5.23298551153558656e+04 2.00242171399461622e+04 4.04119395399238681e+05 3.84095178259292501e+05 0.00000000000000000e+00 not_avail. 0.00000000000000000e+00 0.00000000000000000e+00
74 4.86966993578918264e+04 1.80117033895242312e+04 4.03153212418216397e+05 3.85141509028692148e+05 0.00000000000000000e+00 not_avail. 0.00000000000000000e+00 0.00000000000000000e+00
75 4.53157862395272969e+04 1.61981524945090605e+04 4.02286073901693104e+05 3.86087921407184040e+05 0.00000000000000000e+00 not_avail. 0.00000000000000000e+00 0.00000000000000000e+00
76 4.21696030651764886e+04 1.45643293760434244e+04 4.01507680806795601e+05 3.86943351430752198e+05 0.00000000000000000e+00 not_avail. 0.00000000000000000e+00 0.00000000000000000e+00
77 3.92418530106715043e+04 1.30934584794779348e+04 4.00808507597412390e+05 3.87715049117934483e+05 0.00000000000000000e+00 not_avail. 0.00000000000000000e+00 0.00000000000000000e+00
78 3.65173707073096157e+04 1.17691217138995598e+04 4.00181144611143856e+05 3.88412022897244315e+05 0.00000000000000000e+00 not_avail. 0.00000000000000000e+00 0.00000000000000000e+00
79 3.39820436871937127e+04 1.05774094877350617e+04 3.99617932508035039e+05 3.89040523020299966e+05 0.00000000000000000e+00 not_avail. 0.00000000000000000e+00 0.00000000000000000e+00
80 3.16227392824640883e+04 9.50536088410738739e+03 3.99112220861909562e+05 3.89606859977802145e+05 0.00000000000000000e+00 not_avail. 0.00000000000000000e+00 0.00000000000000000e+00
81 2.94272365997678426e+04 8.54088969777537022e+03 3.98658313560836890e+05 3.90117423863061529e+05 0.00000000000000000e+00 not_avail. 0.00000000000000000e+00 0.00000000000000000e+00
82 2.73841632176034400e+04 7.67357325212650994e+03 3.98250759651373606e+05 3.90577186399247090e+05 0.00000000000000000e+00 not_avail. 0.00000000000000000e+00 0.00000000000000000e+00
83 2.54829362786399361e+04 6.89374539438683496e+03 3.97884894605377864e+05 3.90991149210991047e+05 0.00000000000000000e+00 not_avail. 0.00000000000000000e+00 0.00000000000000000e+00
84 2.37137076718773096e+04 6.19269807282001329e+03 3.97556494985356228e+05 3.91363796912536200e+05 0.00000000000000000e+00 not_avail. 0.00000000000000000e+00 0.00000000000000000e+00
85 2.20673130206981914e+04 5.56258862673888143e+03 3.97261625683895021e+05 3.91699037057156151e+05 0.00000000000000000e+00 not_avail. 0.00000000000000000e+00 0.00000000000000000e+00
86 2.05352242125756347e+04 4.99622714579452713e+03 3.96996930766517296e+05 3.92000703620722750e+05 0.00000000000000000e+00 not_avail. 0.00000000000000000e+00 0.00000000000000000e+00
87 1.91095052245473089e+04 4.48726872482365616e+03 3.96759309121217811e+05 3.92272040396394150e+05 0.00000000000000000e+00 not_avail. 0.00000000000000000e+00 0.00000000000000000e+00
88 1.77827710156371686e+04 4.02999307757914858e+03 3.96545970622506866e+05 3.92515977544927737e+05 0.00000000000000000e+00 not_avail. 0.00000000000000000e+00 0.00000000000000000e+00
89 1.65481492732932275e+04 3.61916106885669888e+03 3.96354489298692963e+05 3.92735328229836246e+05 0.00000000000000000e+00 not_avail. 0.00000000000000000e+00 0.00000000000000000e+00
90 1.53992448156923510e+04 3.25005900651257025e+03 3.96182578903802554e+05 3.92932519897289982e+05 0.00000000000000000e+00 not_avail. 0.00000000000000000e+00 0.00000000000000000e+00
91 1.43301064655211230e+04 2.91848700105735361e+03 3.96028242260841187e+05 3.93109755259783822e+05 0.00000000000000000e+00 not_avail. 0.00000000000000000e+00 0.00000000000000000e+00
92 1.33351962236427062e+04 2.62064495824126925e+03 3.95889705414957367e+05 3.93269060456716106e+05 0.00000000000000000e+00 not_avail. 0.00000000000000000e+00 0.00000000000000000e+00
93 1.24093605829737298e+04 2.35314441334467256e+03 3.95765340961840528e+05 3.93412196548495849e+05 0.00000000000000000e+00 not_avail. 0.00000000000000000e+00 0.00000000000000000e+00
94 1.15478038339803843e+04 2.11289613712405071e+03 3.95653707881064620e+05 3.93540811743940576e+05 0.00000000000000000e+00 not_avail. 0.00000000000000000e+00 0.00000000000000000e+00
95 1.07460632235199573e+04 1.89711686861115891e+03 3.95553489898733154e+05 3.93656373030122020e+05 0.00000000000000000e+00 not_avail. 0.00000000000000000e+00 0.00000000000000000e+00
96 9.99998583835350291e+03 1.70333594641494119e+03 3.95463518423037720e+05 3.93760182476622751e+05 0.00000000000000000e+00 not_avail. 0.00000000000000000e+00 0.00000000000000000e+00
97 9.30570709358946442e+03 1.52931794897040027e+03 3.95382755947289232e+05 3.93853437998318812e+05 0.00000000000000000e+00 not_avail. 0.00000000000000000e+00 0.00000000000000000e+00
98 8.65963071463102642e+03 1.37306218877988340e+03 3.95310260109912953e+05 3.93937197921133076e+05 0.00000000000000000e+00 not_avail. 0.00000000000000000e+00 0.00000000000000000e+00
99 8.05841010893624298e+03 1.23275089986667876e+03 3.95245180610263837e+05 3.94012429710397148e+05 0.00000000000000000e+00 not_avail. 0.00000000000000000e+00 0.00000000000000000e+00
100 7.49893103109914136e+03 1.10675515618961549e+03 3.95186756864805298e+05 3.94080001708615688e+05 0.00000000000000000e+00 not_avail. 0.00000000000000000e+00 0.00000000000000000e+00
101 6.97829545145908742e+03 9.93622857062357639e+02 3.95134309313490521e+05 3.94140686456428142e+05 0.00000000000000000e+00 not_avail. 0.00000000000000000e+00 0.00000000000000000e+00
102 6.49380654467986369e+03 8.92046314290666942e+02 3.95087229469207989e+05 3.94195183154917322e+05 0.00000000000000000e+00 not_avail. 0.00000000000000000e+00 0.00000000000000000e+00
103 6.04295472054136462e+03 8.00851210542098784e+02 3.95044969345828053e+05 3.94244118135285971e+05 0.00000000000000000e+00 not_avail. 0.00000000000000000e+00 0.00000000000000000e+00
104 5.62340462458501224e+03 7.18968176068101684e+02 3.95007030699260533e+05 3.94288062523192435e+05 0.00000000000000000e+00 not_avail. 0.00000000000000000e+00 0.00000000000000000e+00
105 5.23298304127805750e+03 6.45448774685961780e+02 3.94972972138826502e+05 3.94327523364140536e+05 0.00000000000000000e+00 not_avail. 0.00000000000000000e+00 0.00000000000000000e+00
106 4.86966763703662309e+03 5.79442298399927040e+02 3.94942398146896332e+05 3.94362955848496407e+05 0.00000000000000000e+00 not_avail. 0.00000000000000000e+00 0.00000000000000000e+00
107 4.53157648479790078e+03 5.20184054643582158e+02 3.94914953485261125e+05 3.94394769430617569e+05 0.00000000000000000e+00 not_avail. 0.00000000000000000e+00 0.00000000000000000e+00
108 4.21695831587999965e+03 4.66984993245543194e+02 3.94890318263763387e+05 3.94423333270517818e+05 0.00000000000000000e+00 not_avail. 0.00000000000000000e+00 0.00000000000000000e+00
109 3.92418344863544417e+03 4.19221101970533994e+02 3.94868201879144181e+05 3.94448980777173652e+05 0.00000000000000000e+00 not_avail. 0.00000000000000000e+00 0.00000000000000000e+00
110 3.65173534690983070e+03 3.76339593826957923e+02 3.94848347192064743e+05 3.94472007598237775e+05 0.00000000000000000e+00 not_avail. 0.00000000000000000e+00 0.00000000000000000e+00
111 3.39820276457964701e+03 3.37842424700923914e+02 3.94830524481308588e+05 3.94492682056607679e+05 0.00000000000000000e+00 not_avail. 0.00000000000000000e+00 0.00000000000000000e+00
112 3.16227243547885109e+03 3.03283252626526803e+02 3.94814526187105745e+05 3.94511242934479204e+05 0.00000000000000000e+00 not_avail. 0.00000000000000000e+00 0.00000000000000000e+00
113 2.94272227084905626e+03 2.72258146408062487e+02 3.94800164645832323e+05 3.94527906499424251e+05 0.00000000000000000e+00 not_avail. 0.00000000000000000e+00 0.00000000000000000e+00
114 2.73841502907693621e+03 2.44404012457339633e+02 3.94787271915449819e+05 3.94542867902992468e+05 0.00000000000000000e+00 not_avail. 0.00000000000000000e+00 0.00000000000000000e+00
115 2.54829242492897401e+03 2.19398400044943912e+02 3.94775697724158119e+05 3.94556299324113177e+05 0.00000000000000000e+00 not_avail. 0.00000000000000000e+00 0.00000000000000000e+00
116 2.37136964777005142e+03 1.96950445989004635e+02 3.94765308214902936e+05 3.94568357768913906e+05 0.00000000000000000e+00 not_avail. 0.00000000000000000e+00 0.00000000000000000e+00
117 2.20673026037103818e+03 1.76799845828468847e+02 3.94755982117546897e+05 3.94579182271718455e+05 0.00000000000000000e+00 not_avail. 0.00000000000000000e+00 0.00000000000000000e+00
118 2.05352145188182021e+03 1.58709431850038925e+02 3.94747609901769902e+05 3.94588900469919841e+05 0.00000000000000000e+00 not_avail. 0.00000000000000000e+00 0.00000000000000000e+00
119 1.91094962038077892e+03 1.42468665618895187e+02 3.94740093938175414e+05 3.94597625272556499e+05 0.00000000000000000e+00 not_avail. 0.00000000000000000e+00 0.00000000000000000e+00
120 1.77827626211893062e+03 1.27888882324129270e+02 3.94733347098961647e+05 3.94605458216637489e+05 0.00000000000000000e+00 not_avail. 0.00000000000000000e+00 0.00000000000000000e+00
121 1.65481414616548477e+03 1.14801008460857844e+02 3.94727290687557484e+05 3.94612489679096616e+05 0.00000000000000000e+00 not_avail. 0.00000000000000000e+00 0.00000000000000000e+00
122 1.53992375464002134e+03 1.03052551794128533e+02 3.94721854331870272e+05 3.94618801780076115e+05 0.00000000000000000e+00 not_avail. 0.00000000000000000e+00 0.00000000000000000e+00
123 1.43300997009211915e+03 9.25052591823069150e+01 3.94716973726841912e+05 3.94624468467659608e+05 0.00000000000000000e+00 not_avail. 0.00000000000000000e+00 0.00000000000000000e+00
124 1.33351899286952334e+03 8.30365919429219588e+01 3.94712592355549743e+05 3.94629555763606797e+05 0.00000000000000000e+00 not_avail. 0.00000000000000000e+00 0.00000000000000000e+00
125 1.24093547250716915e+03 7.45364854174976443e+01 3.94708659421636374e+05 3.94634122936218861e+05 0.00000000000000000e+00 not_avail. 0.00000000000000000e+00 0.00000000000000000e+00
126 1.15477983827806270e+03 6.69063129593671988e+01 3.94705129041861044e+05 3.94638222728901659e+05 0.00000000000000000e+00 not_avail. 0.00000000000000000e+00 0.00000000000000000e+00
127 1.07460581507859388e+03 6.00567373959568513e+01 3.94701960004012217e+05 3.94641903266616282e+05 0.00000000000000000e+00 not_avail. 0.00000000000000000e+00 0.00000000000000000e+00
128 9.99998111780911586e+02 5.39073634538606825e+01 3.94699115195839840e+05 3.94645207832385961e+05 0.00000000000000000e+00 not_avail. 0.00000000000000000e+00 0.00000000000000000e+00
129 9.30570270078290491e+02 4.83869272295329935e+01 3.94696561455732444e+05 3.94648174528502917e+05 0.00000000000000000e+00 not_avail. 0.00000000000000000e+00 0.00000000000000000e+00
130 8.65962662680813423e+02 4.34313117551145211e+01 3.94694269089305773e+05 3.94650837777550681e+05 0.00000000000000000e+00 not_avail. 0.00000000000000000e+00 0.00000000000000000e+00
131 8.05840630492260743e+02 3.89829162757405001e+01 3.94692211424198467e+05 3.94653228507922729e+05 0.00000000000000000e+00 not_avail. 0.00000000000000000e+00 0.00000000000000000e+00
132 7.49892749119046130e+02 3.49894149247816983e+01 3.94690364322563575e+05 3.94655374907638819e+05 0.00000000000000000e+00 not_avail. 0.00000000000000000e+00 0.00000000000000000e+00
133 6.97829215731908107e+02 3.14042843229779400e+01 3.94688706149939098e+05 3.94657301865616115e+05 0.00000000000000000e+00 not_avail. 0.00000000000000000e+00 0.00000000000000000e+00
134 6.49380347924531975e+02 2.81858968812216233e+01 3.94687217638643051e+05 3.94659031741761835e+05 0.00000000000000000e+00 not_avail. 0.00000000000000000e+00 0.00000000000000000e+00
135 6.04295186793373659e+02 2.52968121615035280e+01 3.94685881524693046e+05 3.94660584712531534e+05 0.00000000000000000e+00 not_avail. 0.00000000000000000e+00 0.00000000000000000e+00
136 5.62340197002814875e+02 2.27034835982176872e+01 3.94684682213349210e+05 3.94661978729751019e+05 0.00000000000000000e+00 not_avail. 0.00000000000000000e+00 0.00000000000000000e+00
137 5.23298057102168855e+02 2.03752953223287747e+01 3.94683605538482661e+05 3.94663230243160331e+05 0.00000000000000000e+00 not_avail. 0.00000000000000000e+00 0.00000000000000000e+00
138 4.86966533828514514e+02 1.82851904534836152e+01 3.94682639027743950e+05 3.94664353837290488e+05 0.00000000000000000e+00 not_avail. 0.00000000000000000e+00 0.00000000000000000e+00
139 4.53157434564408447e+02 1.64089267200438833e+01 3.94681771414629591e+05 3.94665362487909559e+05 0.00000000000000000e+00 not_avail. 0.00000000000000000e+00 0.00000000000000000e+00
140 4.21695632524329653e+02 1.47246947696456232e+01 3.94680992610231158e+05 3.94666267915461503e+05 0.00000000000000000e+00 not_avail. 0.00000000000000000e+00 0.00000000000000000e+00
141 3.92418159620460585e+02 1.32127952265172137e+01 3.94680293535626901e+05 3.94667080740400357e+05 0.00000000000000000e+00 not_avail. 0.00000000000000000e+00 0.00000000000000000e+00
142 3.65173362308950971e+02 1.18554916621655195e+01 3.94679665950038529e+05 3.94667810458376363e+05 0.00000000000000000e+00 not_avail. 0.00000000000000000e+00 0.00000000000000000e+00
143 3.39820116044068243e+02 1.06370248236357217e+01 3.94679102564698900e+05 3.94668465539875266e+05 0.00000000000000000e+00 not_avail. 0.00000000000000000e+00 0.00000000000000000e+00
144 3.16227094271200258e+02 9.54323742171896860e+00 3.94678596832013282e+05 3.94669053594591562e+05 0.00000000000000000e+00 not_avail. 0.00000000000000000e+00 0.00000000000000000e+00
145 2.94272088172197925e+02 8.56139687515072012e+00 3.94678142885203823e+05 3.94669581488328695e+05 0.00000000000000000e+00 not_avail. 0.00000000000000000e+00 0.00000000000000000e+00
146 2.73841373639413632e+02 7.67999540406645043e+00 3.94677735378481157e+05 3.94670055383077066e+05 0.00000000000000000e+00 not_avail. 0.00000000000000000e+00 0.00000000000000000e+00
147 2.54829122199452428e+02 6.88873087003672602e+00 3.94677369547893642e+05 3.94670480817023607e+05 0.00000000000000000e+00 not_avail. 0.00000000000000000e+00 0.00000000000000000e+00
148 2.37136852835290199e+02 6.17840293087963577e+00 3.94677041154785664e+05 3.94670862751854758e+05 0.00000000000000000e+00 not_avail. 0.00000000000000000e+00 0.00000000000000000e+00
149 2.20672921867275221e+02 5.54076810341842574e+00 3.94676746370045643e+05 3.94671205601942202e+05 0.00000000000000000e+00 not_avail. 0.00000000000000000e+00 0.00000000000000000e+00
150 2.05352048250653155e+02 4.96841050307358589e+00 3.94676481764784607e+05 3.94671513354281546e+05 0.00000000000000000e+00 not_avail. 0.00000000000000000e+00 0.00000000000000000e+00
151 1.91094871830725111e+02 4.45457313282238054e+00 3.94676244226182404e+05 3.94671789653049607e+05 0.00000000000000000e+00 not_avail. 0.00000000000000000e+00 0.00000000000000000e+00
152 1.77827542267454191e+02 3.99328968364433834e+00 3.94676030983167642e+05 3.94672037693483988e+05 0.00000000000000000e+00 not_avail. 0.00000000000000000e+00 0.00000000000000000e+00
153 1.65481336500201849e+02 3.57920157964963437e+00 3.94675839558330190e+05 3.94672260356750514e+05 0.00000000000000000e+00 not_avail. 0.00000000000000000e+00 0.00000000000000000e+00
154 1.53992302771114851e+02 3.20749510918675718e+00 3.94675667726194253e+05 3.94672460231085075e+05 0.00000000000000000e+00 not_avail. 0.00000000000000000e+00 0.00000000000000000e+00
155 1.43300929363244421e+02 2.87382799807335765e+00 3.94675513486636337e+05 3.94672639658638276e+05 0.00000000000000000e+00 not_avail. 0.00000000000000000e+00 0.00000000000000000e+00
156 1.33351836337507450e+02 2.57427947355912012e+00 3.94675375018917839e+05 3.94672800739444268e+05 0.00000000000000000e+00 not_avail. 0.00000000000000000e+00 0.00000000000000000e+00
157 1.24093488671724359e+02 2.30537139928231127e+00 3.94675250715154281e+05 3.94672945343755011e+05 0.00000000000000000e+00 not_avail. 0.00000000000000000e+00 0.00000000000000000e+00
158 1.15477929315834231e+02 2.06397558991523944e+00 3.94675139134583471e+05 3.94673075158993539e+05 0.00000000000000000e+00 not_avail. 0.00000000000000000e+00 0.00000000000000000e+00
159 1.07460530780543081e+02 1.84728926950280625e+00 3.94675038975668489e+05 3.94673191686398990e+05 0.00000000000000000e+00 not_avail. 0.00000000000000000e+00 0.00000000000000000e+00
160 9.99997639726697400e+01 1.65277235874516526e+00 3.94674949064256682e+05 3.94673296291897947e+05 0.00000000000000000e+00 not_avail. 0.00000000000000000e+00 0.00000000000000000e+00
161 9.30569830797843451e+01 1.47814761636210634e+00 3.94674868347697833e+05 3.94673390200081456e+05 0.00000000000000000e+00 not_avail. 0.00000000000000000e+00 0.00000000000000000e+00
162 8.65962253898715915e+01 1.32138697779409076e+00 3.94674795888528693e+05 3.94673474501550896e+05 0.00000000000000000e+00 not_avail. 0.00000000000000000e+00 0.00000000000000000e+00
163 8.05840250091075632e+01 1.18066857870872743e+00 3.94674730844604608e+05 3.94673550176025892e+05 0.00000000000000000e+00 not_avail. 0.00000000000000000e+00 0.00000000000000000e+00
164 7.49892395128345299e+01 1.05435584195185617e+00 3.94674672459432739e+05 3.94673618103590794e+05 0.00000000000000000e+00 not_avail. 0.00000000000000000e+00 0.00000000000000000e+00
165 6.97828886318064008e+01 9.40961250912624392e-01 3.94674620045424555e+05 3.94673679084173637e+05 0.00000000000000000e+00 not_avail. 0.00000000000000000e+00 0.00000000000000000e+00
166 6.49380041381223236e+01 8.39164139597739278e-01 3.94674572992118774e+05 3.94673733827979187e+05 0.00000000000000000e+00 not_avail. 0.00000000000000000e+00 0.00000000000000000e+00
167 6.04294901532744504e+01 7.47781994769416980e-01 3.94674530752915249e+05 3.94673782970920496e+05 0.00000000000000000e+00 not_avail. 0.00000000000000000e+00 0.00000000000000000e+00
168 5.62339931547252903e+01 6.65752544487714593e-01 3.94674492836794234e+05 3.94673827084249759e+05 0.00000000000000000e+00 not_avail. 0.00000000000000000e+00 0.00000000000000000e+00
169 5.23297810076649199e+01 5.92119911056808168e-01 3.94674458801917790e+05 3.94673866682006745e+05 0.00000000000000000e+00 not_avail. 0.00000000000000000e+00 0.00000000000000000e+00
170 4.86966303953475972e+01 5.26016290533563247e-01 3.94674428247158416e+05 3.94673902230867883e+05 0.00000000000000000e+00 not_avail. 0.00000000000000000e+00 0.00000000000000000e+00
171 4.53157220649127197e+01 4.66674165533789875e-01 3.94674400817745482e+05 3.94673934143579972e+05 0.00000000000000000e+00 not_avail. 0.00000000000000000e+00 0.00000000000000000e+00
172 4.21695433460752724e+01 4.13404047274394781e-01 3.94674376194975921e+05 3.94673962790928665e+05 0.00000000000000000e+00 not_avail. 0.00000000000000000e+00 0.00000000000000000e+00
173 3.92417974377464844e+01 3.65586562551015626e-01 3.94674354092557041e+05 3.94673988505994494e+05 0.00000000000000000e+00 not_avail. 0.00000000000000000e+00 0.00000000000000000e+00
174 3.65173189927000905e+01 3.22661931133092994e-01 3.94674334251742403e+05 3.94674011589811242e+05 0.00000000000000000e+00 not_avail. 0.00000000000000000e+00 0.00000000000000000e+00
175 3.39819955630246966e+01 2.84126848839469537e-01 3.94674316439889895e+05 3.94674032313041040e+05 0.00000000000000000e+00 not_avail. 0.00000000000000000e+00 0.00000000000000000e+00
176 3.16226944994585395e+01 2.49533796757804016e-01 3.94674300450144045e+05 3.94674050916347303e+05 0.00000000000000000e+00 not_avail. 0.00000000000000000e+00 0.00000000000000000e+00
177 2.94271949259556251e+01 2.18480756361320416e-01 3.94674286096680560e+05 3.94674067615924170e+05 0.00000000000000000e+00 not_avail. 0.00000000000000000e+00 0.00000000000000000e+00
178 2.73841244371195103e+01 1.90606594849531658e-01 3.94674273212574539e+05 3.94674082605979696e+05 0.00000000000000000e+00 not_avail. 0.00000000000000000e+00 0.00000000000000000e+00
179 2.54829001906063830e+01 1.65583497251155176e-01 3.94674261646300962e+05 3.94674096062803699e+05 0.00000000000000000e+00 not_avail. 0.00000000000000000e+00 0.00000000000000000e+00
180 2.37136740893627724e+01 1.43119574933635418e-01 3.94674251262940932e+05 3.94674108143366000e+05 0.00000000000000000e+00 not_avail. 0.00000000000000000e+00 0.00000000000000000e+00
181 2.20672817697495809e+01 1.22953892746822058e-01 3.94674241941883869e+05 3.94674118987991125e+05 0.00000000000000000e+00 not_avail. 0.00000000000000000e+00 0.00000000000000000e+00
182 2.05351951313170318e+01 1.04852047749492111e-01 3.94674233574782382e+05 3.94674128722734633e+05 0.00000000000000000e+00 not_avail. 0.00000000000000000e+00 0.00000000000000000e+00
183 1.91094781623415209e+01 8.86033881415394381e-02 3.94674226064268209e+05 3.94674137460880040e+05 0.00000000000000000e+00 not_avail. 0.00000000000000000e+00 0.00000000000000000e+00
184 1.77827458323054692e+01 7.40161224933487821e-02 3.94674219321690267e+05 3.94674145305567770e+05 0.00000000000000000e+00 not_avail. 0.00000000000000000e+00 0.00000000000000000e+00
185 1.65481258383891792e+01 6.09208902346947620e-02 3.94674213268766005e+05 3.94674152347875759e+05 0.00000000000000000e+00 not_avail. 0.00000000000000000e+00 0.00000000000000000e+00
186 1.53992230078262100e+01 4.91655483179482128e-02 3.94674207835170964e+05 3.94674158669622673e+05 0.00000000000000000e+00 not_avail. 0.00000000000000000e+00 0.00000000000000000e+00
187 1.43300861717309083e+01 3.86134251149406957e-02 3.94674202957732196e+05 3.94674164344307093e+05 0.00000000000000000e+00 not_avail. 0.00000000000000000e+00 0.00000000000000000e+00
188 1.33351773388092063e+01 2.91411591264398445e-02 3.94674198579429241e+05 3.94674169438270095e+05 0.00000000000000000e+00 not_avail. 0.00000000000000000e+00 0.00000000000000000e+00
189 1.24093430092759274e+01 2.06375148954678136e-02 3.94674194648846169e+05 3.94674174011331284e+05 0.00000000000000000e+00 not_avail. 0.00000000000000000e+00 0.00000000000000000e+00
190 1.15477874803888128e+01 1.30037430302407803e-02 3.94674191120338568e+05 3.94674178116595547e+05 0.00000000000000000e+00 not_avail. 0.00000000000000000e+00 0.00000000000000000e+00
191 1.07460480053250880e+01 6.15113401819552923e-03 3.94674187952902750e+05 3.94674181801768718e+05 0.00000000000000000e+00 not_avail. 0.00000000000000000e+00 0.00000000000000000e+00
192 9.99997167672704634e+00 0.00000000000000000e+00 3.94674185109705373e+05 3.94674185109705373e+05 0.00000000000000000e+00 not_avail. 0.00000000000000000e+00 not_avail.