This file contains the integrated total and net fluxes at each interface resp. layer. 
Fluxes given in [erg s^-1 cm^-2].
interface press.[10^-6bar] F_down F_up F_net F_dir delta_F_net F_net_conv F_add_heat F_intern
0 1.00000000000000000e+07 1.36419424002562929e+07 1.48110517794192396e+07 1.16910937916294672e+06 0.00000000000000000e+00 not_avail. 0.00000000000000000e+00 0.00000000000000000e+00 3.00000000009757525e+05
1 8.65964323360065371e+06 1.15730537067897040e+07 1.36419424002562929e+07 2.06888869346658885e+06 0.00000000000000000e+00 not_avail. 0.00000000000000000e+00 0.00000000000000000e+00
2 7.49894209332455788e+06 9.81780837404407933e+06 1.15730537067898083e+07 1.75524533274572901e+06 0.00000000000000000e+00 not_avail. 0.00000000000000000e+00 0.00000000000000000e+00
3 6.49381631576211285e+06 8.32885516894930881e+06 9.81780837408127822e+06 1.48895320513196941e+06 0.00000000000000000e+00 not_avail. 0.00000000000000000e+00 0.00000000000000000e+00
4 5.62341325190349109e+06 7.06585380121086817e+06 8.32885517315267306e+06 1.26300137194180489e+06 0.00000000000000000e+00 not_avail. 0.00000000000000000e+00 0.00000000000000000e+00
5 4.86967525165863149e+06 5.99427725908028521e+06 7.06585398464143835e+06 1.07157672556115314e+06 0.00000000000000000e+00 not_avail. 0.00000000000000000e+00 0.00000000000000000e+00
6 4.21696503428582288e+06 5.08512821700522024e+06 5.99428099265834503e+06 9.09152775653124787e+05 0.00000000000000000e+00 not_avail. 0.00000000000000000e+00 0.00000000000000000e+00
7 3.65174127254837705e+06 4.31380323309631459e+06 5.08516911990131717e+06 7.71365886805002578e+05 0.00000000000000000e+00 not_avail. 0.00000000000000000e+00 0.00000000000000000e+00
8 3.16227766016837955e+06 3.65920097910389584e+06 4.31407637712358590e+06 6.54875398019690067e+05 0.00000000000000000e+00 not_avail. 0.00000000000000000e+00 0.00000000000000000e+00
9 2.73841963426436111e+06 3.10288319775401056e+06 3.66042344658375205e+06 5.57540248829741497e+05 0.00000000000000000e+00 not_avail. 0.00000000000000000e+00 0.00000000000000000e+00
10 2.37137370566165540e+06 2.62924747130053211e+06 3.10685539101088699e+06 4.77607919710354879e+05 0.00000000000000000e+00 not_avail. 0.00000000000000000e+00 0.00000000000000000e+00
11 2.05352502645714604e+06 2.22480844251351524e+06 2.63924833090590918e+06 4.14439888392393943e+05 0.00000000000000000e+00 not_avail. 0.00000000000000000e+00 0.00000000000000000e+00
12 1.77827941003892291e+06 1.87841067231736053e+06 2.24538933225767454e+06 3.66978659940314014e+05 0.00000000000000000e+00 not_avail. 0.00000000000000000e+00 0.00000000000000000e+00
13 1.53992652605949179e+06 1.58094110690989136e+06 1.91464848105309950e+06 3.33707374143208144e+05 0.00000000000000000e+00 not_avail. 0.00000000000000000e+00 0.00000000000000000e+00
14 1.33352143216332421e+06 1.32489622824178962e+06 1.63750705069597508e+06 3.12610822454185458e+05 0.00000000000000000e+00 not_avail. 0.00000000000000000e+00 0.00000000000000000e+00
15 1.15478198468945827e+06 1.10419188945912616e+06 1.40554129089202592e+06 3.01349401432899758e+05 0.00000000000000000e+00 not_avail. 0.00000000000000000e+00 0.00000000000000000e+00
16 9.99999999999999884e+05 9.13813683592968620e+05 1.21149073125626193e+06 2.97677047663293313e+05 0.00000000000000000e+00 not_avail. 0.00000000000000000e+00 0.00000000000000000e+00
17 8.65964323360065464e+05 7.49973423387594172e+05 1.04914989170188573e+06 2.99176468314291560e+05 0.00000000000000000e+00 not_avail. 0.00000000000000000e+00 0.00000000000000000e+00
18 7.49894209332455765e+05 6.10010405172047205e+05 9.13389677312047454e+05 3.03379272140000248e+05 0.00000000000000000e+00 not_avail. 0.00000000000000000e+00 0.00000000000000000e+00
19 6.49381631576211425e+05 4.92343395445664646e+05 7.99834668544696411e+05 3.07491273099031765e+05 0.00000000000000000e+00 not_avail. 0.00000000000000000e+00 0.00000000000000000e+00
20 5.62341325190349133e+05 3.95953364987700421e+05 7.04900200538583798e+05 3.08946835550883377e+05 0.00000000000000000e+00 not_avail. 0.00000000000000000e+00 0.00000000000000000e+00
21 4.86967525165863044e+05 3.19672036747230508e+05 6.25593424751133542e+05 3.05921388003903034e+05 0.00000000000000000e+00 not_avail. 0.00000000000000000e+00 0.00000000000000000e+00
22 4.21696503428582335e+05 2.57970927636880253e+05 5.61975320910513052e+05 3.04004393273632799e+05 0.00000000000000000e+00 not_avail. 0.00000000000000000e+00 0.00000000000000000e+00
23 3.65174127254837716e+05 2.08122220210323983e+05 5.10859925268835854e+05 3.02737705058511870e+05 0.00000000000000000e+00 not_avail. 0.00000000000000000e+00 0.00000000000000000e+00
24 3.16227766016837966e+05 1.67866537720023684e+05 4.69769588524988038e+05 3.01903050804964383e+05 0.00000000000000000e+00 not_avail. 0.00000000000000000e+00 0.00000000000000000e+00
25 2.73841963426436123e+05 1.35375251573399582e+05 4.36724480886268662e+05 3.01349229312869080e+05 0.00000000000000000e+00 not_avail. 0.00000000000000000e+00 0.00000000000000000e+00
26 2.37137370566165511e+05 1.09156064452188730e+05 4.10135457363008754e+05 3.00979392910820025e+05 0.00000000000000000e+00 not_avail. 0.00000000000000000e+00 0.00000000000000000e+00
27 2.05352502645714558e+05 8.80067002030853037e+04 3.88738561911745404e+05 3.00731861708660086e+05 0.00000000000000000e+00 not_avail. 0.00000000000000000e+00 0.00000000000000000e+00
28 1.77827941003892367e+05 7.09469994034088450e+04 3.71513640820274479e+05 3.00566641416865634e+05 0.00000000000000000e+00 not_avail. 0.00000000000000000e+00 0.00000000000000000e+00
29 1.53992652605949261e+05 5.71904445752812171e+04 3.57645159655295138e+05 3.00454715080013906e+05 0.00000000000000000e+00 not_avail. 0.00000000000000000e+00 0.00000000000000000e+00
30 1.33352143216332421e+05 4.60985051874512355e+04 3.46477181532680697e+05 3.00378676345229440e+05 0.00000000000000000e+00 not_avail. 0.00000000000000000e+00 0.00000000000000000e+00
31 1.15478198468945819e+05 3.71560427664068120e+04 3.37482103506092040e+05 3.00326060739685199e+05 0.00000000000000000e+00 not_avail. 0.00000000000000000e+00 0.00000000000000000e+00
32 9.99999999999999854e+04 2.99474439388840874e+04 3.30237601793058158e+05 3.00290157854174089e+05 0.00000000000000000e+00 not_avail. 0.00000000000000000e+00 0.00000000000000000e+00
33 8.65964323360065755e+04 2.41360186045793816e+04 3.24401514361653593e+05 3.00265495757074212e+05 0.00000000000000000e+00 not_avail. 0.00000000000000000e+00 0.00000000000000000e+00
34 7.49894209332456085e+04 1.94522950294729817e+04 3.19700135173781426e+05 3.00247840144308459e+05 0.00000000000000000e+00 not_avail. 0.00000000000000000e+00 0.00000000000000000e+00
35 6.49381631576211366e+04 1.56769204471514349e+04 3.15912279564846540e+05 3.00235359117695130e+05 0.00000000000000000e+00 not_avail. 0.00000000000000000e+00 0.00000000000000000e+00
36 5.62341325190349089e+04 1.26340594703758361e+04 3.12860590901295363e+05 3.00226531430919538e+05 0.00000000000000000e+00 not_avail. 0.00000000000000000e+00 0.00000000000000000e+00
37 4.86967525165863044e+04 1.01816994253314642e+04 3.10401827253129042e+05 3.00220127827797551e+05 0.00000000000000000e+00 not_avail. 0.00000000000000000e+00 0.00000000000000000e+00
38 4.21696503428582437e+04 8.20519988058229683e+03 3.08420634691369196e+05 3.00215434810786915e+05 0.00000000000000000e+00 not_avail. 0.00000000000000000e+00 0.00000000000000000e+00
39 3.65174127254837804e+04 6.61244503895182788e+03 3.06824415435636009e+05 3.00211970396684192e+05 0.00000000000000000e+00 not_avail. 0.00000000000000000e+00 0.00000000000000000e+00
40 3.16227766016837995e+04 5.32871387658346339e+03 3.05538119403312972e+05 3.00209405526729533e+05 0.00000000000000000e+00 not_avail. 0.00000000000000000e+00 0.00000000000000000e+00
41 2.73841963426436123e+04 4.29423860800786770e+03 3.04501710103779798e+05 3.00207471495771955e+05 0.00000000000000000e+00 not_avail. 0.00000000000000000e+00 0.00000000000000000e+00
42 2.37137370566165482e+04 3.46053184391448349e+03 3.03666527764755534e+05 3.00205995920841058e+05 0.00000000000000000e+00 not_avail. 0.00000000000000000e+00 0.00000000000000000e+00
43 2.05352502645714703e+04 2.78867885031588003e+03 3.02993540287002455e+05 3.00204861436686595e+05 0.00000000000000000e+00 not_avail. 0.00000000000000000e+00 0.00000000000000000e+00
44 1.77827941003892338e+04 2.24726642445257130e+03 3.02451249377054162e+05 3.00203982952601567e+05 0.00000000000000000e+00 not_avail. 0.00000000000000000e+00 0.00000000000000000e+00
45 1.53992652605949224e+04 1.81093990887803011e+03 3.02014246022295207e+05 3.00203306113417202e+05 0.00000000000000000e+00 not_avail. 0.00000000000000000e+00 0.00000000000000000e+00
46 1.33352143216332406e+04 1.45935965274765408e+03 3.01662128690705227e+05 3.00202769037957594e+05 0.00000000000000000e+00 not_avail. 0.00000000000000000e+00 0.00000000000000000e+00
47 1.15478198468945793e+04 1.17600800511374155e+03 3.01378356151197222e+05 3.00202348146083474e+05 0.00000000000000000e+00 not_avail. 0.00000000000000000e+00 0.00000000000000000e+00
48 1.00000000000000036e+04 9.47680348650539258e+02 3.01149699463301280e+05 3.00202019114650728e+05 0.00000000000000000e+00 not_avail. 0.00000000000000000e+00 0.00000000000000000e+00
49 8.65964323360065646e+03 7.63677157997562517e+02 3.00965429434747784e+05 3.00201752276750223e+05 0.00000000000000000e+00 not_avail. 0.00000000000000000e+00 0.00000000000000000e+00
50 7.49894209332455921e+03 6.15398202372401101e+02 3.00816939943639329e+05 3.00201541741266905e+05 0.00000000000000000e+00 not_avail. 0.00000000000000000e+00 0.00000000000000000e+00
51 6.49381631576211385e+03 4.95910551185908560e+02 3.00697286556596518e+05 3.00201376005410624e+05 0.00000000000000000e+00 not_avail. 0.00000000000000000e+00 0.00000000000000000e+00
52 5.62341325190349016e+03 3.99617140066153183e+02 3.00600860377342149e+05 3.00201243237275979e+05 0.00000000000000000e+00 not_avail. 0.00000000000000000e+00 0.00000000000000000e+00
53 4.86967525165863026e+03 3.22027720823363381e+02 3.00523164599947107e+05 3.00201136879123747e+05 0.00000000000000000e+00 not_avail. 0.00000000000000000e+00 0.00000000000000000e+00
54 4.21696503428582037e+03 2.59496561759511223e+02 3.00460547237978142e+05 3.00201050676218641e+05 0.00000000000000000e+00 not_avail. 0.00000000000000000e+00 0.00000000000000000e+00
55 3.65174127254837504e+03 2.09108511354065655e+02 3.00410090743545792e+05 3.00200982232191716e+05 0.00000000000000000e+00 not_avail. 0.00000000000000000e+00 0.00000000000000000e+00
56 3.16227766016838223e+03 1.68502025485380358e+02 3.00369429652082850e+05 3.00200927626597462e+05 0.00000000000000000e+00 not_avail. 0.00000000000000000e+00 0.00000000000000000e+00
57 2.73841963426436314e+03 1.35779526106870321e+02 3.00336663164016907e+05 3.00200883637910010e+05 0.00000000000000000e+00 not_avail. 0.00000000000000000e+00 0.00000000000000000e+00
58 2.37137370566165646e+03 1.09411750065896854e+02 3.00310259289887850e+05 3.00200847539821931e+05 0.00000000000000000e+00 not_avail. 0.00000000000000000e+00 0.00000000000000000e+00
59 2.05352502645714685e+03 8.81622230775036542e+01 3.00288980745974637e+05 3.00200818522897142e+05 0.00000000000000000e+00 not_avail. 0.00000000000000000e+00 0.00000000000000000e+00
60 1.77827941003892329e+03 7.10401134278447870e+01 3.00271835454576649e+05 3.00200795341148798e+05 0.00000000000000000e+00 not_avail. 0.00000000000000000e+00 0.00000000000000000e+00
61 1.53992652605949229e+03 5.72410342538104544e+01 3.00258017648818612e+05 3.00200776614564820e+05 0.00000000000000000e+00 not_avail. 0.00000000000000000e+00 0.00000000000000000e+00
62 1.33352143216332388e+03 4.61215203517044259e+01 3.00246883340736153e+05 3.00200761820384476e+05 0.00000000000000000e+00 not_avail. 0.00000000000000000e+00 0.00000000000000000e+00
63 1.15478198468945789e+03 3.71607506217156853e+01 3.00237910598012677e+05 3.00200749847390980e+05 0.00000000000000000e+00 not_avail. 0.00000000000000000e+00 0.00000000000000000e+00
64 9.99999999999999659e+02 2.99397039536702785e+01 3.00230679926177894e+05 3.00200740222224209e+05 0.00000000000000000e+00 not_avail. 0.00000000000000000e+00 0.00000000000000000e+00
65 8.65964323360065009e+02 2.41210228145006340e+01 3.00224853385855036e+05 3.00200732363040559e+05 0.00000000000000000e+00 not_avail. 0.00000000000000000e+00 0.00000000000000000e+00
66 7.49894209332456398e+02 1.94317796374457465e+01 3.00220157810325269e+05 3.00200726030687802e+05 0.00000000000000000e+00 not_avail. 0.00000000000000000e+00 0.00000000000000000e+00
67 6.49381631576211817e+02 1.56533083706643623e+01 3.00216374318203831e+05 3.00200721009833156e+05 0.00000000000000000e+00 not_avail. 0.00000000000000000e+00 0.00000000000000000e+00
68 5.62341325190349380e+02 1.26082183249370097e+01 3.00213325107787328e+05 3.00200716889462376e+05 0.00000000000000000e+00 not_avail. 0.00000000000000000e+00 0.00000000000000000e+00
69 4.86967525165863321e+02 1.01544497258985178e+01 3.00210868023302464e+05 3.00200713573576591e+05 0.00000000000000000e+00 not_avail. 0.00000000000000000e+00 0.00000000000000000e+00
70 4.21696503428582332e+02 8.17704043622251220e+00 3.00208888000345207e+05 3.00200710959908960e+05 0.00000000000000000e+00 not_avail. 0.00000000000000000e+00 0.00000000000000000e+00
71 3.65174127254837742e+02 6.58354280003269032e+00 3.00207292378802318e+05 3.00200708836002275e+05 0.00000000000000000e+00 not_avail. 0.00000000000000000e+00 0.00000000000000000e+00
72 3.16227766016837961e+02 5.29952188088262854e+00 3.00206006626275484e+05 3.00200707104394620e+05 0.00000000000000000e+00 not_avail. 0.00000000000000000e+00 0.00000000000000000e+00
73 2.73841963426436052e+02 4.26472124112915640e+00 3.00204970446140273e+05 3.00200705724899133e+05 0.00000000000000000e+00 not_avail. 0.00000000000000000e+00 0.00000000000000000e+00
74 2.37137370566165430e+02 3.43091782485321861e+00 3.00204135512452340e+05 3.00200704594627488e+05 0.00000000000000000e+00 not_avail. 0.00000000000000000e+00 0.00000000000000000e+00
75 2.05352502645714509e+02 2.75894625615311595e+00 3.00203462636739423e+05 3.00200703690483293e+05 0.00000000000000000e+00 not_avail. 0.00000000000000000e+00 0.00000000000000000e+00
76 1.77827941003892420e+02 2.21745820448004194e+00 3.00202920424497162e+05 3.00200702966292680e+05 0.00000000000000000e+00 not_avail. 0.00000000000000000e+00 0.00000000000000000e+00
77 1.53992652605949331e+02 1.78110051674016923e+00 3.00202483486069192e+05 3.00200702385552460e+05 0.00000000000000000e+00 not_avail. 0.00000000000000000e+00 0.00000000000000000e+00
78 1.33352143216332479e+02 1.42945575887388188e+00 3.00202131375163677e+05 3.00200701919404790e+05 0.00000000000000000e+00 not_avail. 0.00000000000000000e+00 0.00000000000000000e+00
79 1.15478198468945862e+02 1.14610460767328060e+00 3.00201847649597388e+05 3.00200701544989715e+05 0.00000000000000000e+00 not_avail. 0.00000000000000000e+00 0.00000000000000000e+00
80 1.00000000000000028e+02 9.17753849622625517e-01 3.00201618989903887e+05 3.00200701236054243e+05 0.00000000000000000e+00 not_avail. 0.00000000000000000e+00 0.00000000000000000e+00
81 8.65964323360065578e+01 7.33753743315226581e-01 3.00201434741370613e+05 3.00200700987627322e+05 0.00000000000000000e+00 not_avail. 0.00000000000000000e+00 0.00000000000000000e+00
82 7.49894209332455830e+01 5.85468013822042499e-01 3.00201286255762621e+05 3.00200700787748792e+05 0.00000000000000000e+00 not_avail. 0.00000000000000000e+00 0.00000000000000000e+00
83 6.49381631576211191e+01 4.65975938706997772e-01 3.00201166602834302e+05 3.00200700626895588e+05 0.00000000000000000e+00 not_avail. 0.00000000000000000e+00 0.00000000000000000e+00
84 5.62341325190348869e+01 3.69684528780739263e-01 3.00201070181941439e+05 3.00200700497412647e+05 0.00000000000000000e+00 not_avail. 0.00000000000000000e+00 0.00000000000000000e+00
85 4.86967525165862867e+01 2.92086394469583510e-01 3.00200992479551001e+05 3.00200700393156556e+05 0.00000000000000000e+00 not_avail. 0.00000000000000000e+00 0.00000000000000000e+00
86 4.21696503428582687e+01 2.29559447152298646e-01 3.00200929868654697e+05 3.00200700309207547e+05 0.00000000000000000e+00 not_avail. 0.00000000000000000e+00 0.00000000000000000e+00
87 3.65174127254838012e+01 1.79168237334053543e-01 3.00200879409827525e+05 3.00200700241590210e+05 0.00000000000000000e+00 not_avail. 0.00000000000000000e+00 0.00000000000000000e+00
88 3.16227766016838139e+01 1.38563837559004005e-01 3.00200838750967581e+05 3.00200700187130016e+05 0.00000000000000000e+00 not_avail. 0.00000000000000000e+00 0.00000000000000000e+00
89 2.73841963426436266e+01 1.05841089849154510e-01 3.00200805984346662e+05 3.00200700143256807e+05 0.00000000000000000e+00 not_avail. 0.00000000000000000e+00 0.00000000000000000e+00
90 2.37137370566165622e+01 7.94721701318001211e-02 3.00200779580083152e+05 3.00200700107912999e+05 0.00000000000000000e+00 not_avail. 0.00000000000000000e+00 0.00000000000000000e+00
91 2.05352502645714665e+01 5.82232759371263606e-02 3.00200758302714443e+05 3.00200700079438509e+05 0.00000000000000000e+00 not_avail. 0.00000000000000000e+00 0.00000000000000000e+00
92 1.77827941003892285e+01 4.10993644266583469e-02 3.00200741155860713e+05 3.00200700056496309e+05 0.00000000000000000e+00 not_avail. 0.00000000000000000e+00 0.00000000000000000e+00
93 1.53992652605949178e+01 2.73014134597633455e-02 3.00200727339426347e+05 3.00200700038012874e+05 0.00000000000000000e+00 not_avail. 0.00000000000000000e+00 0.00000000000000000e+00
94 1.33352143216332362e+01 1.61814053130029216e-02 3.00200716204523924e+05 3.00200700023118639e+05 0.00000000000000000e+00 not_avail. 0.00000000000000000e+00 0.00000000000000000e+00
95 1.15478198468945781e+01 7.22102449705475363e-03 3.00200707232142740e+05 3.00200700011118257e+05 0.00000000000000000e+00 not_avail. 0.00000000000000000e+00 0.00000000000000000e+00
96 1.00000000000000036e+01 0.00000000000000000e+00 3.00200700001448044e+05 3.00200700001448044e+05 0.00000000000000000e+00 not_avail. 0.00000000000000000e+00 not_avail.