This file contains the integrated total and net fluxes at each interface resp. layer. 
Fluxes given in [erg s^-1 cm^-2].
interface press.[10^-6bar] F_down F_up F_net F_dir delta_F_net F_net_conv F_add_heat F_intern
0 1.00000000000000000e+07 1.47193251489359196e+07 1.48110517901930697e+07 9.17266412571500987e+04 0.00000000000000000e+00 not_avail. 0.00000000000000000e+00 0.00000000000000000e+00 3.00000000009757525e+05
1 8.65964323360065371e+06 1.25148125696939323e+07 1.26336693589814194e+07 1.18856789287487045e+05 0.00000000000000000e+00 not_avail. 0.00000000000000000e+00 0.00000000000000000e+00
2 7.49894209332455788e+06 1.06043810607086662e+07 1.07295088065908719e+07 1.25127745882205665e+05 0.00000000000000000e+00 not_avail. 0.00000000000000000e+00 0.00000000000000000e+00
3 6.49381631576211285e+06 8.98310446235740930e+06 9.11483049682241492e+06 1.31726034465005621e+05 0.00000000000000000e+00 not_avail. 0.00000000000000000e+00 0.00000000000000000e+00
4 5.62341325190349109e+06 7.60697018951162510e+06 7.74562149471320119e+06 1.38651305201576091e+05 0.00000000000000000e+00 not_avail. 0.00000000000000000e+00 0.00000000000000000e+00
5 4.86967525165863149e+06 6.43886998256354965e+06 6.58485335759093612e+06 1.45983375027386472e+05 0.00000000000000000e+00 not_avail. 0.00000000000000000e+00 0.00000000000000000e+00
6 4.21696503428582288e+06 5.44705970148145407e+06 5.60075456385178864e+06 1.53694862370334566e+05 0.00000000000000000e+00 not_avail. 0.00000000000000000e+00 0.00000000000000000e+00
7 3.65174127254837705e+06 4.60492487000093330e+06 4.76671656146530062e+06 1.61791691464367323e+05 0.00000000000000000e+00 not_avail. 0.00000000000000000e+00 0.00000000000000000e+00
8 3.16227766016837955e+06 3.88962428948459728e+06 4.05993711025157431e+06 1.70312820766977035e+05 0.00000000000000000e+00 not_avail. 0.00000000000000000e+00 0.00000000000000000e+00
9 2.73841963426436111e+06 3.28191718563911878e+06 3.46124426264655823e+06 1.79327077007439453e+05 0.00000000000000000e+00 not_avail. 0.00000000000000000e+00 0.00000000000000000e+00
10 2.37137370566165540e+06 2.76538277532672090e+06 2.95419152951759333e+06 1.88808754190872423e+05 0.00000000000000000e+00 not_avail. 0.00000000000000000e+00 0.00000000000000000e+00
11 2.05352502645714604e+06 2.32610586361701088e+06 2.52493045751679782e+06 1.98824593899786938e+05 0.00000000000000000e+00 not_avail. 0.00000000000000000e+00 0.00000000000000000e+00
12 1.77827941003892291e+06 1.95231295460118842e+06 2.16173045019567013e+06 2.09417495594481705e+05 0.00000000000000000e+00 not_avail. 0.00000000000000000e+00 0.00000000000000000e+00
13 1.53992652605949179e+06 1.63390996563252644e+06 1.85453899523590179e+06 2.20629029603375355e+05 0.00000000000000000e+00 not_avail. 0.00000000000000000e+00 0.00000000000000000e+00
14 1.33352143216332421e+06 1.36236770301244943e+06 1.59491994114634092e+06 2.32552238133891486e+05 0.00000000000000000e+00 not_avail. 0.00000000000000000e+00 0.00000000000000000e+00
15 1.15478198468945827e+06 1.13039937348608230e+06 1.37563209465533937e+06 2.45232721169257071e+05 0.00000000000000000e+00 not_avail. 0.00000000000000000e+00 0.00000000000000000e+00
16 9.99999999999999884e+05 9.32012993087043986e+05 1.19056891012124089e+06 2.58555917034196900e+05 0.00000000000000000e+00 not_avail. 0.00000000000000000e+00 0.00000000000000000e+00
17 8.65964323360065464e+05 7.62543461746416637e+05 1.03453520337027113e+06 2.71991741623854497e+05 0.00000000000000000e+00 not_avail. 0.00000000000000000e+00 0.00000000000000000e+00
18 7.49894209332455765e+05 6.18702635569153819e+05 9.03141730005828314e+05 2.84439094436674495e+05 0.00000000000000000e+00 not_avail. 0.00000000000000000e+00 0.00000000000000000e+00
19 6.49381631576211425e+05 4.98413869098743598e+05 7.92616845704583102e+05 2.94202976605839503e+05 0.00000000000000000e+00 not_avail. 0.00000000000000000e+00 0.00000000000000000e+00
20 5.62341325190349133e+05 4.00283488617164316e+05 6.99781175840641372e+05 2.99497687223477056e+05 0.00000000000000000e+00 not_avail. 0.00000000000000000e+00 0.00000000000000000e+00
21 4.86967525165863044e+05 3.22374337636725919e+05 6.22374837581052445e+05 3.00000499944326526e+05 0.00000000000000000e+00 not_avail. 0.00000000000000000e+00 0.00000000000000000e+00
22 4.21696503428582335e+05 2.59782985027302027e+05 5.59783288187750732e+05 3.00000303160448675e+05 0.00000000000000000e+00 not_avail. 0.00000000000000000e+00 0.00000000000000000e+00
23 3.65174127254837716e+05 2.09343534328289708e+05 5.09344606306528207e+05 3.00001071978238528e+05 0.00000000000000000e+00 not_avail. 0.00000000000000000e+00 0.00000000000000000e+00
24 3.16227766016837966e+05 1.68696713765215973e+05 4.68697933117958251e+05 3.00001219352742308e+05 0.00000000000000000e+00 not_avail. 0.00000000000000000e+00 0.00000000000000000e+00
25 2.73841963426436123e+05 1.35943666908980696e+05 4.35944166354933172e+05 3.00000499445952475e+05 0.00000000000000000e+00 not_avail. 0.00000000000000000e+00 0.00000000000000000e+00
26 2.37137370566165511e+05 1.09548429951894912e+05 4.09548929289721011e+05 3.00000499337826099e+05 0.00000000000000000e+00 not_avail. 0.00000000000000000e+00 0.00000000000000000e+00
27 2.05352502645714558e+05 8.82790914236542594e+04 3.88279568405343976e+05 3.00000476981689688e+05 0.00000000000000000e+00 not_avail. 0.00000000000000000e+00 0.00000000000000000e+00
28 1.77827941003892367e+05 7.11387119734752778e+04 3.71139200106478529e+05 3.00000488133003237e+05 0.00000000000000000e+00 not_avail. 0.00000000000000000e+00 0.00000000000000000e+00
29 1.53992652605949261e+05 5.73265833217229738e+04 3.57327124631397310e+05 3.00000541309674329e+05 0.00000000000000000e+00 not_avail. 0.00000000000000000e+00 0.00000000000000000e+00
30 1.33352143216332421e+05 4.61962770524861407e+04 3.46196803710878361e+05 3.00000526658392220e+05 0.00000000000000000e+00 not_avail. 0.00000000000000000e+00 0.00000000000000000e+00
31 1.15478198468945819e+05 3.72267894618511782e+04 3.37227192484430387e+05 3.00000403022579208e+05 0.00000000000000000e+00 not_avail. 0.00000000000000000e+00 0.00000000000000000e+00
32 9.99999999999999854e+04 2.99990534027302347e+04 3.29999489763340796e+05 3.00000436360610533e+05 0.00000000000000000e+00 not_avail. 0.00000000000000000e+00 0.00000000000000000e+00
33 8.65964323360065755e+04 2.41743657290475603e+04 3.24174780538346502e+05 3.00000414809298934e+05 0.00000000000000000e+00 not_avail. 0.00000000000000000e+00 0.00000000000000000e+00
34 7.49894209332456085e+04 1.94808310606218729e+04 3.19481179417322855e+05 3.00000348356700968e+05 0.00000000000000000e+00 not_avail. 0.00000000000000000e+00 0.00000000000000000e+00
35 6.49381631576211366e+04 1.56984191010295708e+04 3.15698783265927050e+05 3.00000364164897474e+05 0.00000000000000000e+00 not_avail. 0.00000000000000000e+00 0.00000000000000000e+00
36 5.62341325190349089e+04 1.26504397655941484e+04 3.12650822801560920e+05 3.00000383035966777e+05 0.00000000000000000e+00 not_avail. 0.00000000000000000e+00 0.00000000000000000e+00
37 4.86967525165863044e+04 1.01942768423253237e+04 3.10194669287708763e+05 3.00000392445383419e+05 0.00000000000000000e+00 not_avail. 0.00000000000000000e+00 0.00000000000000000e+00
38 4.21696503428582437e+04 8.21493672970797888e+03 3.08215323247257620e+05 3.00000386517549632e+05 0.00000000000000000e+00 not_avail. 0.00000000000000000e+00 0.00000000000000000e+00
39 3.65174127254837804e+04 6.61998184437230884e+03 3.06620360421130434e+05 3.00000378576758143e+05 0.00000000000000000e+00 not_avail. 0.00000000000000000e+00 0.00000000000000000e+00
40 3.16227766016837995e+04 5.33462338699194879e+03 3.05335009486790746e+05 3.00000386099798779e+05 0.00000000000000000e+00 not_avail. 0.00000000000000000e+00 0.00000000000000000e+00
41 2.73841963426436123e+04 4.29887173931545567e+03 3.04299264311855135e+05 3.00000392572539684e+05 0.00000000000000000e+00 not_avail. 0.00000000000000000e+00 0.00000000000000000e+00
42 2.37137370566165482e+04 3.46419779521462124e+03 3.03464591534819454e+05 3.00000393739604857e+05 0.00000000000000000e+00 not_avail. 0.00000000000000000e+00 0.00000000000000000e+00
43 2.05352502645714703e+04 2.79158978424718498e+03 3.02791982159923064e+05 3.00000392375675903e+05 0.00000000000000000e+00 not_avail. 0.00000000000000000e+00 0.00000000000000000e+00
44 1.77827941003892338e+04 2.24958216709498765e+03 3.02249973283376312e+05 3.00000391116281331e+05 0.00000000000000000e+00 not_avail. 0.00000000000000000e+00 0.00000000000000000e+00
45 1.53992652605949224e+04 1.81279148681949164e+03 3.01813185789893381e+05 3.00000394303073874e+05 0.00000000000000000e+00 not_avail. 0.00000000000000000e+00 0.00000000000000000e+00
46 1.33352143216332406e+04 1.46082860739434318e+03 3.01461221076309099e+05 3.00000392468914739e+05 0.00000000000000000e+00 not_avail. 0.00000000000000000e+00 0.00000000000000000e+00
47 1.15478198468945793e+04 1.17718540308979732e+03 3.01177577549090609e+05 3.00000392146000813e+05 0.00000000000000000e+00 not_avail. 0.00000000000000000e+00 0.00000000000000000e+00
48 1.00000000000000036e+04 9.48621832255097729e+02 3.00949015728196420e+05 3.00000393895941321e+05 0.00000000000000000e+00 not_avail. 0.00000000000000000e+00 0.00000000000000000e+00
49 8.65964323360065646e+03 7.64433441066733508e+02 3.00764824918895785e+05 3.00000391477829078e+05 0.00000000000000000e+00 not_avail. 0.00000000000000000e+00 0.00000000000000000e+00
50 7.49894209332455921e+03 6.16006525186598992e+02 3.00616396986316773e+05 3.00000390461130184e+05 0.00000000000000000e+00 not_avail. 0.00000000000000000e+00 0.00000000000000000e+00
51 6.49381631576211385e+03 4.96399423644525541e+02 3.00496790780593699e+05 3.00000391356949171e+05 0.00000000000000000e+00 not_avail. 0.00000000000000000e+00 0.00000000000000000e+00
52 5.62341325190349016e+03 4.00011215329535105e+02 3.00400403258909180e+05 3.00000392043579661e+05 0.00000000000000000e+00 not_avail. 0.00000000000000000e+00 0.00000000000000000e+00
53 4.86967525165863026e+03 3.22342322546651019e+02 3.00322734635299013e+05 3.00000392312752374e+05 0.00000000000000000e+00 not_avail. 0.00000000000000000e+00 0.00000000000000000e+00
54 4.21696503428582037e+03 2.59750061285250922e+02 3.00260141946095857e+05 3.00000391884810582e+05 0.00000000000000000e+00 not_avail. 0.00000000000000000e+00 0.00000000000000000e+00
55 3.65174127254837504e+03 2.09312180766774361e+02 3.00209704192741076e+05 3.00000392011974298e+05 0.00000000000000000e+00 not_avail. 0.00000000000000000e+00 0.00000000000000000e+00
56 3.16227766016838223e+03 1.68666373653896983e+02 3.00169058802881336e+05 3.00000392429227417e+05 0.00000000000000000e+00 not_avail. 0.00000000000000000e+00 0.00000000000000000e+00
57 2.73841963426436314e+03 1.35912184773527713e+02 3.00136304788551002e+05 3.00000392603777465e+05 0.00000000000000000e+00 not_avail. 0.00000000000000000e+00 0.00000000000000000e+00
58 2.37137370566165646e+03 1.09518431143874409e+02 3.00109910610530234e+05 3.00000392179386341e+05 0.00000000000000000e+00 not_avail. 0.00000000000000000e+00 0.00000000000000000e+00
59 2.05352502645714685e+03 8.82483626805945676e+01 3.00088640158447262e+05 3.00000391795766656e+05 0.00000000000000000e+00 not_avail. 0.00000000000000000e+00 0.00000000000000000e+00
60 1.77827941003892329e+03 7.11089959906526872e+01 3.00071500596248778e+05 3.00000391600258125e+05 0.00000000000000000e+00 not_avail. 0.00000000000000000e+00 0.00000000000000000e+00
61 1.53992652605949229e+03 5.72965967103661526e+01 3.00057688046925992e+05 3.00000391450215655e+05 0.00000000000000000e+00 not_avail. 0.00000000000000000e+00 0.00000000000000000e+00
62 1.33352143216332388e+03 4.61662548086299793e+01 3.00046557778367947e+05 3.00000391523559345e+05 0.00000000000000000e+00 not_avail. 0.00000000000000000e+00 0.00000000000000000e+00
63 1.15478198468945789e+03 3.71968648739918706e+01 3.00037588433951430e+05 3.00000391569077445e+05 0.00000000000000000e+00 not_avail. 0.00000000000000000e+00 0.00000000000000000e+00
64 9.99999999999999659e+02 2.99688689676485041e+01 3.00030360465011152e+05 3.00000391596043482e+05 0.00000000000000000e+00 not_avail. 0.00000000000000000e+00 0.00000000000000000e+00
65 8.65964323360065009e+02 2.41444624624514006e+01 3.00024536001120519e+05 3.00000391538658063e+05 0.00000000000000000e+00 not_avail. 0.00000000000000000e+00 0.00000000000000000e+00
66 7.49894209332456398e+02 1.94507019152609963e+01 3.00019842193542107e+05 3.00000391491626855e+05 0.00000000000000000e+00 not_avail. 0.00000000000000000e+00 0.00000000000000000e+00
67 6.49381631576211817e+02 1.56684572826309534e+01 3.00016059959688631e+05 3.00000391502405982e+05 0.00000000000000000e+00 not_avail. 0.00000000000000000e+00 0.00000000000000000e+00
68 5.62341325190349380e+02 1.26204363769856815e+01 3.00013011900054174e+05 3.00000391463677166e+05 0.00000000000000000e+00 not_avail. 0.00000000000000000e+00 0.00000000000000000e+00
69 4.86967525165863321e+02 1.01642843066081348e+01 3.00010555720004835e+05 3.00000391435698199e+05 0.00000000000000000e+00 not_avail. 0.00000000000000000e+00 0.00000000000000000e+00
70 4.21696503428582332e+02 8.18498260939888134e+00 3.00008576437013631e+05 3.00000391454404220e+05 0.00000000000000000e+00 not_avail. 0.00000000000000000e+00 0.00000000000000000e+00
71 3.65174127254837742e+02 6.58995212692014487e+00 3.00006981411267363e+05 3.00000391459140461e+05 0.00000000000000000e+00 not_avail. 0.00000000000000000e+00 0.00000000000000000e+00
72 3.16227766016837961e+02 5.30466257524597751e+00 3.00005696110649675e+05 3.00000391448074428e+05 0.00000000000000000e+00 not_avail. 0.00000000000000000e+00 0.00000000000000000e+00
73 2.73841963426436052e+02 4.26886983462456726e+00 3.00004660315979330e+05 3.00000391446144728e+05 0.00000000000000000e+00 not_avail. 0.00000000000000000e+00 0.00000000000000000e+00
74 2.37137370566165430e+02 3.43423362747262084e+00 3.00003825666772085e+05 3.00000391433144629e+05 0.00000000000000000e+00 not_avail. 0.00000000000000000e+00 0.00000000000000000e+00
75 2.05352502645714509e+02 2.76161703039781736e+00 3.00003153043363942e+05 3.00000391426333517e+05 0.00000000000000000e+00 not_avail. 0.00000000000000000e+00 0.00000000000000000e+00
76 1.77827941003892420e+02 2.21960641089060395e+00 3.00002611031645036e+05 3.00000391425234149e+05 0.00000000000000000e+00 not_avail. 0.00000000000000000e+00 0.00000000000000000e+00
77 1.53992652605949331e+02 1.78283025173116871e+00 3.00002174257449922e+05 3.00000391427198192e+05 0.00000000000000000e+00 not_avail. 0.00000000000000000e+00 0.00000000000000000e+00
78 1.33352143216332479e+02 1.43084734485546483e+00 3.00001822277976724e+05 3.00000391430631862e+05 0.00000000000000000e+00 not_avail. 0.00000000000000000e+00 0.00000000000000000e+00
79 1.15478198468945862e+02 1.14721622591474270e+00 3.00001538649655355e+05 3.00000391433429439e+05 0.00000000000000000e+00 not_avail. 0.00000000000000000e+00 0.00000000000000000e+00
80 1.00000000000000028e+02 9.18645563712226609e-01 3.00001310076043825e+05 3.00000391430480115e+05 0.00000000000000000e+00 not_avail. 0.00000000000000000e+00 0.00000000000000000e+00
81 8.65964323360065578e+01 7.34462851329107380e-01 3.00001125890614523e+05 3.00000391427763214e+05 0.00000000000000000e+00 not_avail. 0.00000000000000000e+00 0.00000000000000000e+00
82 7.49894209332455830e+01 5.86034796739024033e-01 3.00000977460699680e+05 3.00000391425902955e+05 0.00000000000000000e+00 not_avail. 0.00000000000000000e+00 0.00000000000000000e+00
83 6.49381631576211191e+01 4.66427718559035753e-01 3.00000857852336427e+05 3.00000391424617846e+05 0.00000000000000000e+00 not_avail. 0.00000000000000000e+00 0.00000000000000000e+00
84 5.62341325190348869e+01 3.70043818195744778e-01 3.00000761467538832e+05 3.00000391423720634e+05 0.00000000000000000e+00 not_avail. 0.00000000000000000e+00 0.00000000000000000e+00
85 4.86967525165862867e+01 2.92371072469559234e-01 3.00000683794160490e+05 3.00000391423088033e+05 0.00000000000000000e+00 not_avail. 0.00000000000000000e+00 0.00000000000000000e+00
86 4.21696503428582687e+01 2.29781941548949431e-01 3.00000621204578259e+05 3.00000391422636691e+05 0.00000000000000000e+00 not_avail. 0.00000000000000000e+00 0.00000000000000000e+00
87 3.65174127254838012e+01 1.79342326126097379e-01 3.00000570764637028e+05 3.00000391422310902e+05 0.00000000000000000e+00 not_avail. 0.00000000000000000e+00 0.00000000000000000e+00
88 3.16227766016838139e+01 1.38697794863001378e-01 3.00000530119868112e+05 3.00000391422073240e+05 0.00000000000000000e+00 not_avail. 0.00000000000000000e+00 0.00000000000000000e+00
89 2.73841963426436266e+01 1.05943643469984153e-01 3.00000497365541174e+05 3.00000391421897686e+05 0.00000000000000000e+00 not_avail. 0.00000000000000000e+00 0.00000000000000000e+00
90 2.37137370566165622e+01 7.95493485339565931e-02 3.00000470971115166e+05 3.00000391421766661e+05 0.00000000000000000e+00 not_avail. 0.00000000000000000e+00 0.00000000000000000e+00
91 2.05352502645714665e+01 5.82799504539203428e-02 3.00000449701618054e+05 3.00000391421667591e+05 0.00000000000000000e+00 not_avail. 0.00000000000000000e+00 0.00000000000000000e+00
92 1.77827941003892285e+01 4.11395761193117382e-02 3.00000432561168622e+05 3.00000391421592503e+05 0.00000000000000000e+00 not_avail. 0.00000000000000000e+00 0.00000000000000000e+00
93 1.53992652605949178e+01 2.73278426239072017e-02 3.00000418749377131e+05 3.00000391421534528e+05 0.00000000000000000e+00 not_avail. 0.00000000000000000e+00 0.00000000000000000e+00
94 1.33352143216332362e+01 1.61971539517112087e-02 3.00000407618643832e+05 3.00000391421489883e+05 0.00000000000000000e+00 not_avail. 0.00000000000000000e+00 0.00000000000000000e+00
95 1.15478198468945781e+01 7.22795359690886052e-03 3.00000398649408598e+05 3.00000391421455017e+05 0.00000000000000000e+00 not_avail. 0.00000000000000000e+00 0.00000000000000000e+00
96 1.00000000000000036e+01 0.00000000000000000e+00 3.00000391421427601e+05 3.00000391421427601e+05 0.00000000000000000e+00 not_avail. 0.00000000000000000e+00 not_avail.