This file contains the corresponding layer temperatures and pressures, and the altitude and the height of each layer.
layer   temp.[K]          press.[10^-6bar]        altitude[cm]         height.of.layer[cm]    conv.unstable?[1:yes,0:no]    conv.lapse-rate?[1:yes,0:no]    pl.eff.temp.[K]   
BOA     714.922           1e+07                   0                    not_avail.             0                             1                               269.698           
0       707.63            9.64752e+06             703751               1.4075e+06             0                             1                               
1       693.268           8.9794e+06              2.09697e+06          1.37894e+06            0                             1                               
2       679.197           8.35755e+06             3.46191e+06          1.35095e+06            0                             1                               
3       665.412           7.77876e+06             4.79915e+06          1.32353e+06            0                             1                               
4       651.906           7.24006e+06             6.10925e+06          1.29667e+06            0                             1                               
5       638.675           6.73866e+06             7.39276e+06          1.27035e+06            0                             1                               
6       625.712           6.27199e+06             8.65021e+06          1.24457e+06            0                             1                               
7       613.013           5.83764e+06             9.88215e+06          1.21931e+06            0                             1                               
8       600.571           5.43336e+06             1.10891e+07          1.19456e+06            0                             1                               
9       588.381           5.05708e+06             1.22715e+07          1.17031e+06            0                             1                               
10      576.439           4.70686e+06             1.343e+07            1.14656e+06            0                             1                               
11      564.74            4.3809e+06              1.45649e+07          1.12329e+06            0                             1                               
12      553.278           4.07751e+06             1.56768e+07          1.10049e+06            0                             1                               
13      542.048           3.79513e+06             1.67661e+07          1.07815e+06            0                             1                               
14      531.047           3.5323e+06              1.78333e+07          1.05627e+06            0                             1                               
15      520.268           3.28768e+06             1.88789e+07          1.03483e+06            0                             1                               
16      509.709           3.06e+06                1.99032e+07          1.01383e+06            0                             1                               
17      499.363           2.84808e+06             2.09067e+07          993253                 0                             1                               
18      489.228           2.65085e+06             2.18899e+07          973094                 0                             1                               
19      479.299           2.46727e+06             2.28531e+07          953343                 0                             1                               
20      469.571           2.2964e+06              2.37968e+07          933994                 0                             1                               
21      460.04            2.13737e+06             2.47213e+07          915037                 0                             1                               
22      450.703           1.98935e+06             2.56271e+07          896465                 0                             1                               
23      441.555           1.85158e+06             2.65144e+07          878271                 0                             1                               
24      432.593           1.72335e+06             2.73838e+07          860445                 0                             1                               
25      423.813           1.604e+06               2.82355e+07          842981                 0                             1                               
26      415.212           1.49292e+06             2.90699e+07          825872                 0                             1                               
27      406.784           1.38953e+06             2.98874e+07          809109                 0                             1                               
28      398.528           1.2933e+06              3.06883e+07          792688                 0                             1                               
29      390.439           1.20374e+06             3.1473e+07           776599                 0                             1                               
30      382.515           1.12038e+06             3.22417e+07          760837                 0                             1                               
31      374.751           1.04279e+06             3.29948e+07          745395                 0                             1                               
32      367.145           970570                  3.37326e+07          730266                 0                             1                               
33      359.694           903355                  3.44555e+07          715444                 0                             1                               
34      352.393           840795                  3.51637e+07          700923                 0                             1                               
35      345.241           782567                  3.58575e+07          686697                 0                             1                               
36      338.234           728372                  3.65372e+07          672760                 0                             1                               
37      331.369           677930                  3.72031e+07          659105                 0                             1                               
38      324.643           630981                  3.78555e+07          645728                 0                             1                               
39      318.054           587284                  3.84947e+07          632622                 0                             1                               
40      311.599           546612                  3.91209e+07          619782                 0                             1                               
41      305.5             508758                  3.97346e+07          607651                 0                             0                               
42      299.958           473525                  4.03368e+07          596629                 0                             0                               
43      294.661           440732                  4.09281e+07          586091                 0                             0                               
44      289.653           410210                  4.15092e+07          576131                 0                             0                               
45      284.929           381801                  4.20807e+07          566734                 0                             0                               
46      280.469           355360                  4.2643e+07           557864                 0                             0                               
47      276.278           330751                  4.31967e+07          549527                 0                             0                               
48      272.345           307845                  4.37423e+07          541705                 0                             0                               
49      268.665           286526                  4.42803e+07          534386                 0                             0                               
50      265.225           266683                  4.48113e+07          527544                 0                             0                               
51      262.013           248214                  4.53356e+07          521154                 0                             0                               
52      259.034           231025                  4.58538e+07          515228                 0                             0                               
53      256.26            215026                  4.63663e+07          509711                 0                             0                               
54      253.695           200134                  4.68735e+07          504608                 0                             0                               
55      251.321           186274                  4.73757e+07          499887                 0                             0                               
56      249.132           173374                  4.78734e+07          495534                 0                             0                               
57      247.116           161368                  4.8367e+07           491523                 0                             0                               
58      245.262           150192                  4.88566e+07          487835                 0                             0                               
59      243.561           139791                  4.93428e+07          484451                 0                             0                               
60      242.002           130110                  4.98257e+07          481352                 0                             0                               
61      240.577           121100                  5.03056e+07          478516                 0                             0                               
62      239.276           112713                  5.07828e+07          475929                 0                             0                               
63      238.086           104907                  5.12576e+07          473562                 0                             0                               
64      237.01            97642.2                 5.17301e+07          471421                 0                             0                               
65      236.02            90880.2                 5.22005e+07          469452                 0                             0                               
66      235.131           84586.5                 5.26691e+07          467685                 0                             0                               
67      234.315           78728.6                 5.31359e+07          466062                 0                             0                               
68      233.58            73276.4                 5.36013e+07          464599                 0                             0                               
69      232.917           68201.8                 5.40652e+07          463281                 0                             0                               
70      232.308           63478.6                 5.45279e+07          462070                 0                             0                               
71      231.762           59082.5                 5.49894e+07          460983                 0                             0                               
72      231.272           54990.9                 5.54499e+07          460009                 0                             0                               
73      230.827           51182.6                 5.59095e+07          459124                 0                             0                               
74      230.42            47638                   5.63682e+07          458315                 0                             0                               
75      230.056           44338.9                 5.68262e+07          457590                 0                             0                               
76      229.729           41268.3                 5.72834e+07          456939                 0                             0                               
77      229.435           38410.4                 5.77401e+07          456354                 0                             0                               
78      229.171           35750.3                 5.81962e+07          455830                 0                             0                               
79      228.932           33274.5                 5.86518e+07          455355                 0                             0                               
80      228.714           30970.1                 5.91069e+07          454920                 0                             0                               
81      228.517           28825.4                 5.95616e+07          454530                 0                             0                               
82      228.341           26829.1                 6.0016e+07           454180                 0                             0                               
83      228.183           24971.1                 6.047e+07            453865                 0                             0                               
84      228.041           23241.8                 6.09237e+07          453582                 0                             0                               
85      227.914           21632.2                 6.13772e+07          453329                 0                             0                               
86      227.799           20134.1                 6.18304e+07          453101                 0                             0                               
87      227.696           18739.8                 6.22834e+07          452897                 0                             0                               
88      227.604           17442                   6.27362e+07          452713                 0                             0                               
89      227.521           16234.1                 6.31888e+07          452548                 0                             0                               
90      227.447           15109.8                 6.36413e+07          452400                 0                             0                               
91      227.38            14063.4                 6.40936e+07          452267                 0                             0                               
92      227.32            13089.5                 6.45458e+07          452148                 0                             0                               
93      227.266           12183                   6.49979e+07          452040                 0                             0                               
94      227.217           11339.3                 6.54499e+07          451944                 0                             0                               
95      227.174           10554                   6.59018e+07          451858                 0                             0                               
96      227.135           9823.1                  6.63536e+07          451780                 0                             0                               
97      227.1             9142.82                 6.68054e+07          451710                 0                             0                               
98      227.068           8509.65                 6.72571e+07          451648                 0                             0                               
99      227.04            7920.33                 6.77087e+07          451592                 0                             0                               
100     227.015           7371.83                 6.81603e+07          451541                 0                             0                               
101     226.992           6861.3                  6.86118e+07          451495                 0                             0                               
102     226.971           6386.14                 6.90632e+07          451454                 0                             0                               
103     226.952           5943.88                 6.95147e+07          451416                 0                             0                               
104     226.935           5532.25                 6.99661e+07          451382                 0                             0                               
105     226.92            5149.12                 7.04174e+07          451352                 0                             0                               
106     226.906           4792.53                 7.08688e+07          451325                 0                             0                               
107     226.894           4460.63                 7.13201e+07          451301                 0                             0                               
108     226.883           4151.72                 7.17714e+07          451279                 0                             0                               
109     226.873           3864.2                  7.22227e+07          451259                 0                             0                               
110     226.864           3596.59                 7.26739e+07          451241                 0                             0                               
111     226.856           3347.52                 7.31251e+07          451226                 0                             0                               
112     226.849           3115.69                 7.35764e+07          451211                 0                             0                               
113     226.843           2899.92                 7.40276e+07          451198                 0                             0                               
114     226.837           2699.09                 7.44788e+07          451187                 0                             0                               
115     226.832           2512.17                 7.49299e+07          451177                 0                             0                               
116     226.827           2338.19                 7.53811e+07          451167                 0                             0                               
117     226.823           2176.27                 7.58323e+07          451159                 0                             0                               
118     226.819           2025.55                 7.62834e+07          451152                 0                             0                               
119     226.816           1885.28                 7.67346e+07          451145                 0                             0                               
120     226.813           1754.72                 7.71857e+07          451139                 0                             0                               
121     226.81            1633.2                  7.76369e+07          451134                 0                             0                               
122     226.807           1520.09                 7.8088e+07           451129                 0                             0                               
123     226.805           1414.82                 7.85391e+07          451124                 0                             0                               
124     226.803           1316.84                 7.89902e+07          451120                 0                             0                               
125     226.802           1225.65                 7.94414e+07          451117                 0                             0                               
126     226.8             1140.77                 7.98925e+07          451114                 0                             0                               
127     226.799           1061.76                 8.03436e+07          451111                 0                             0                               
128     226.797           988.234                 8.07947e+07          451108                 0                             0                               
129     226.796           919.795                 8.12458e+07          451106                 0                             0                               
130     226.795           856.097                 8.16969e+07          451104                 0                             0                               
131     226.794           796.809                 8.2148e+07           451102                 0                             0                               
132     226.793           741.628                 8.25991e+07          451101                 0                             0                               
133     226.793           690.268                 8.30502e+07          451099                 0                             0                               
134     226.792           642.465                 8.35013e+07          451098                 0                             0                               
135     226.791           597.972                 8.39524e+07          451097                 0                             0                               
136     226.791           556.561                 8.44035e+07          451095                 0                             0                               
137     226.79            518.017                 8.48546e+07          451094                 0                             0                               
138     226.79            482.143                 8.53057e+07          451094                 0                             0                               
139     226.789           448.753                 8.57568e+07          451093                 0                             0                               
140     226.789           417.675                 8.62079e+07          451092                 0                             0                               
141     226.789           388.75                  8.6659e+07           451092                 0                             0                               
142     226.789           361.828                 8.71101e+07          451091                 0                             0                               
143     226.788           336.77                  8.75611e+07          451090                 0                             0                               
144     226.788           313.448                 8.80122e+07          451090                 0                             0                               
145     226.788           291.741                 8.84633e+07          451090                 0                             0                               
146     226.788           271.537                 8.89144e+07          451089                 0                             0                               
147     226.787           252.732                 8.93655e+07          451089                 0                             0                               
148     226.787           235.229                 8.98166e+07          451089                 0                             0                               
149     226.787           218.939                 9.02677e+07          451088                 0                             0                               
150     226.787           203.777                 9.07188e+07          451088                 0                             0                               
151     226.787           189.665                 9.11699e+07          451088                 0                             0                               
152     226.787           176.53                  9.16209e+07          451088                 0                             0                               
153     226.787           164.305                 9.2072e+07           451088                 0                             0                               
154     226.787           152.926                 9.25231e+07          451087                 0                             0                               
155     226.787           142.335                 9.29742e+07          451087                 0                             0                               
156     226.787           132.478                 9.34253e+07          451087                 0                             0                               
157     226.787           123.304                 9.38764e+07          451087                 0                             0                               
158     226.786           114.764                 9.43275e+07          451087                 0                             0                               
159     226.786           106.817                 9.47786e+07          451087                 0                             0                               
160     226.786           99.4193                 9.52296e+07          451087                 0                             0                               
161     226.786           92.5342                 9.56807e+07          451087                 0                             0                               
162     226.786           86.1259                 9.61318e+07          451087                 0                             0                               
163     226.786           80.1614                 9.65829e+07          451087                 0                             0                               
164     226.786           74.61                   9.7034e+07           451086                 0                             0                               
165     226.786           69.443                  9.74851e+07          451086                 0                             0                               
166     226.786           64.6339                 9.79362e+07          451086                 0                             0                               
167     226.786           60.1578                 9.83872e+07          451086                 0                             0                               
168     226.786           55.9917                 9.88383e+07          451086                 0                             0                               
169     226.786           52.1141                 9.92894e+07          451086                 0                             0                               
170     226.786           48.505                  9.97405e+07          451086                 0                             0                               
171     226.786           45.1459                 1.00192e+08          451086                 0                             0                               
172     226.786           42.0194                 1.00643e+08          451086                 0                             0                               
173     226.786           39.1094                 1.01094e+08          451086                 0                             0                               
174     226.786           36.401                  1.01545e+08          451086                 0                             0                               
175     226.786           33.8801                 1.01996e+08          451086                 0                             0                               
176     226.786           31.5338                 1.02447e+08          451086                 0                             0                               
177     226.786           29.35                   1.02898e+08          451086                 0                             0                               
178     226.786           27.3174                 1.03349e+08          451086                 0                             0                               
179     226.786           25.4256                 1.038e+08            451086                 0                             0                               
180     226.786           23.6648                 1.04251e+08          451086                 0                             0                               
181     226.786           22.0259                 1.04702e+08          451086                 0                             0                               
182     226.786           20.5006                 1.05154e+08          451086                 0                             0                               
183     226.786           19.0808                 1.05605e+08          451086                 0                             0                               
184     226.786           17.7594                 1.06056e+08          451086                 0                             0                               
185     226.786           16.5295                 1.06507e+08          451086                 0                             0                               
186     226.786           15.3848                 1.06958e+08          451086                 0                             0                               
187     226.786           14.3194                 1.07409e+08          451086                 0                             0                               
188     226.786           13.3277                 1.0786e+08           451086                 0                             0                               
189     226.786           12.4047                 1.08311e+08          451086                 0                             0                               
190     226.786           11.5457                 1.08762e+08          451086                 0                             0                               
191     226.786           10.7461                 1.09213e+08          451086                 0                             0                               