This file contains the integrated total and net fluxes at each interface resp. layer. 
Fluxes given in [erg s^-1 cm^-2].
interface press.[10^-6bar] F_down F_up F_net F_dir delta_F_net F_net_conv F_add_heat F_intern
0 1.00000000000000000e+07 1.47192749015814867e+07 1.48110432478366960e+07 9.17683462552092969e+04 0.00000000000000000e+00 -2.70871235139165074e+04 2.08231653754548228e+05 0.00000000000000000e+00 3.00000000009757525e+05
1 8.65964323360065371e+06 1.25147879568933155e+07 1.26336434267256800e+07 1.18855469832364470e+05 0.00000000000000000e+00 -6.27227563322521746e+03 1.81144530177393055e+05 0.00000000000000000e+00
2 7.49894209332455788e+06 1.06043666829752568e+07 1.07294944284444638e+07 1.25127745469206944e+05 0.00000000000000000e+00 -6.59658412084728479e+03 1.74872254540550581e+05 0.00000000000000000e+00
3 6.49381631576211285e+06 8.98310115967605449e+06 9.11482548927855492e+06 1.31724329602500424e+05 0.00000000000000000e+00 -6.93006290711462498e+03 1.68275670407257101e+05 0.00000000000000000e+00
4 5.62341325190349109e+06 7.60695859131093882e+06 7.74561298383347131e+06 1.38654392522532493e+05 0.00000000000000000e+00 -7.32936778408754617e+03 1.61345607487225032e+05 0.00000000000000000e+00
5 4.86967525165863149e+06 6.43884495398686919e+06 6.58482871429740079e+06 1.45983760310531594e+05 0.00000000000000000e+00 -7.70898250852338970e+03 1.54016239699225931e+05 0.00000000000000000e+00
6 4.21696503428582288e+06 5.44704133982722927e+06 5.60073408264898416e+06 1.53692742821754888e+05 0.00000000000000000e+00 -8.09527124286629260e+03 1.46307257188002637e+05 0.00000000000000000e+00
7 3.65174127254837705e+06 4.60492256387389731e+06 4.76671057795379963e+06 1.61788014079902321e+05 0.00000000000000000e+00 -8.52829252581810579e+03 1.38211985929855204e+05 0.00000000000000000e+00
8 3.16227766016837955e+06 3.88961928247615602e+06 4.05993558909750544e+06 1.70316306621349417e+05 0.00000000000000000e+00 -9.00461343320552260e+03 1.29683693388408108e+05 0.00000000000000000e+00
9 2.73841963426436111e+06 3.28192125868111337e+06 3.46124217873867135e+06 1.79320920057557989e+05 0.00000000000000000e+00 -9.49451429929910228e+03 1.20679079952199536e+05 0.00000000000000000e+00
10 2.37137370566165540e+06 2.76538038606319809e+06 2.95419582043763157e+06 1.88815434374433476e+05 0.00000000000000000e+00 -1.00115102753140964e+04 1.11184565635324048e+05 0.00000000000000000e+00
11 2.05352502645714604e+06 2.32609468863289058e+06 2.52492163328525843e+06 1.98826944652367849e+05 0.00000000000000000e+00 -1.05867210947764106e+04 1.01173055357389676e+05 0.00000000000000000e+00
12 1.77827941003892291e+06 1.95230653751545586e+06 2.16172020328036789e+06 2.09413665764912032e+05 0.00000000000000000e+00 -1.12157124998732470e+04 9.05863342448454932e+04 0.00000000000000000e+00
13 1.53992652605949179e+06 1.63390349041404738e+06 1.85453286869482440e+06 2.20629378280777019e+05 0.00000000000000000e+00 -1.19122282893983647e+04 7.93706217289805063e+04 0.00000000000000000e+00
14 1.33352143216332421e+06 1.36237308179397252e+06 1.59491468836992630e+06 2.32541606575953774e+05 0.00000000000000000e+00 -1.26912144057818223e+04 6.74583934338037507e+04 0.00000000000000000e+00
15 1.15478198468945827e+06 1.13040499681663187e+06 1.37563781781865563e+06 2.45232821002023760e+05 0.00000000000000000e+00 -1.33277447262861533e+04 5.47671790077337646e+04 0.00000000000000000e+00
16 9.99999999999999884e+05 9.32014292530437000e+05 1.19057485827482888e+06 2.58560565744391875e+05 0.00000000000000000e+00 -1.34367511000917293e+04 4.14394342653656495e+04 0.00000000000000000e+00
17 8.65964323360065464e+05 7.62540904430852621e+05 1.03453822128484142e+06 2.71997316853988799e+05 0.00000000000000000e+00 -1.24423407031657407e+04 2.80026831557687256e+04 0.00000000000000000e+00
18 7.49894209332455765e+05 6.18700953799848212e+05 9.03140611372995656e+05 2.84439657573147444e+05 0.00000000000000000e+00 -9.76145503313303925e+03 1.55603424366100808e+04 0.00000000000000000e+00
19 6.49381631576211425e+05 4.98413830995710741e+05 7.92614943611875759e+05 2.94201112616165017e+05 0.00000000000000000e+00 -5.29736057229910512e+03 5.79888739359250758e+03 0.00000000000000000e+00
20 5.62341325190349133e+05 4.00282288761354925e+05 6.99780761947457446e+05 2.99498473186102521e+05 0.00000000000000000e+00 -5.01525233165419195e+02 5.01526823655003682e+02 0.00000000000000000e+00
21 4.86967525165863044e+05 3.22373720179432770e+05 6.22373718602146604e+05 2.99999998422713834e+05 0.00000000000000000e+00 4.03782934881746769e-04 1.58704369096085429e-03 0.00000000000000000e+00
22 4.21696503428582335e+05 2.59782357711914956e+05 5.59782355782698141e+05 2.99999998070783215e+05 0.00000000000000000e+00 3.14978475216776133e-04 0.00000000000000000e+00 0.00000000000000000e+00
23 3.65174127254837716e+05 2.09343401223117835e+05 5.09343398997244833e+05 2.99999997774126998e+05 0.00000000000000000e+00 1.96187174879014492e-04 0.00000000000000000e+00 0.00000000000000000e+00
24 3.16227766016837966e+05 1.68696822050744668e+05 4.68696819608503080e+05 2.99999997557758412e+05 0.00000000000000000e+00 1.37026479933410883e-04 0.00000000000000000e+00 0.00000000000000000e+00
25 2.73841963426436123e+05 1.35943509392540815e+05 4.35943506785556441e+05 2.99999997393015656e+05 0.00000000000000000e+00 7.55775836296379566e-05 0.00000000000000000e+00 0.00000000000000000e+00
26 2.37137370566165511e+05 1.09548313872149825e+05 4.09548311183517508e+05 2.99999997311367653e+05 0.00000000000000000e+00 5.42049529030919075e-05 0.00000000000000000e+00 0.00000000000000000e+00
27 2.05352502645714558e+05 8.82789993141235464e+04 3.88278996563647524e+05 2.99999997249523993e+05 0.00000000000000000e+00 3.15092038363218307e-05 0.00000000000000000e+00 0.00000000000000000e+00
28 1.77827941003892367e+05 7.11386528812270699e+04 3.71138650102455344e+05 2.99999997221228259e+05 0.00000000000000000e+00 2.49305739998817444e-05 0.00000000000000000e+00 0.00000000000000000e+00
29 1.53992652605949261e+05 5.73265746530315300e+04 3.57326571849703672e+05 2.99999997196672135e+05 0.00000000000000000e+00 2.06094118766486645e-05 0.00000000000000000e+00 0.00000000000000000e+00
30 1.33352143216332421e+05 4.61962814092408080e+04 3.46196278582910541e+05 2.99999997173669748e+05 0.00000000000000000e+00 1.74902379512786865e-05 0.00000000000000000e+00 0.00000000000000000e+00
31 1.15478198468945819e+05 3.72267458936665062e+04 3.37226743046540185e+05 2.99999997152873664e+05 0.00000000000000000e+00 1.41723430715501308e-05 0.00000000000000000e+00 0.00000000000000000e+00
32 9.99999999999999854e+04 2.99990365691830739e+04 3.29999033704756584e+05 2.99999997135573532e+05 0.00000000000000000e+00 1.05984508991241455e-05 0.00000000000000000e+00 0.00000000000000000e+00
33 8.65964323360065755e+04 2.41743465842698424e+04 3.24174343709917855e+05 2.99999997125648020e+05 0.00000000000000000e+00 1.12143461592495441e-05 0.00000000000000000e+00 0.00000000000000000e+00
34 7.49894209332456085e+04 1.94807846782513443e+04 3.19480781789895205e+05 2.99999997111643839e+05 0.00000000000000000e+00 9.42085171118378639e-06 0.00000000000000000e+00 0.00000000000000000e+00
35 6.49381631576211366e+04 1.56983851052928821e+04 3.15698382204737223e+05 2.99999997099444328e+05 0.00000000000000000e+00 6.85884151607751846e-06 0.00000000000000000e+00 0.00000000000000000e+00
36 5.62341325190349089e+04 1.26504190383878868e+04 3.12650416130135942e+05 2.99999997091748053e+05 0.00000000000000000e+00 5.29951648786664009e-06 0.00000000000000000e+00 0.00000000000000000e+00
37 4.86967525165863044e+04 1.01942640295198817e+04 3.10194261114963796e+05 2.99999997085443931e+05 0.00000000000000000e+00 4.47203638032078743e-06 0.00000000000000000e+00 0.00000000000000000e+00
38 4.21696503428582437e+04 8.21492355126739676e+03 3.08214920631118992e+05 2.99999997079851571e+05 0.00000000000000000e+00 3.58599936589598656e-06 0.00000000000000000e+00 0.00000000000000000e+00
39 3.65174127254837804e+04 6.61996674319210524e+03 3.06619963818419143e+05 2.99999997075227031e+05 0.00000000000000000e+00 2.08907295018434525e-06 0.00000000000000000e+00 0.00000000000000000e+00
40 3.16227766016837995e+04 5.33461369600021590e+03 3.05334610768711369e+05 2.99999997072711179e+05 0.00000000000000000e+00 1.12969428300857544e-06 0.00000000000000000e+00 0.00000000000000000e+00
41 2.73841963426436123e+04 4.29886664058087717e+03 3.04298863712125923e+05 2.99999997071545047e+05 0.00000000000000000e+00 1.66223617270588875e-06 0.00000000000000000e+00 0.00000000000000000e+00
42 2.37137370566165482e+04 3.46419438390585037e+03 3.03464191453414096e+05 2.99999997069508245e+05 0.00000000000000000e+00 1.49698462337255478e-06 0.00000000000000000e+00 0.00000000000000000e+00
43 2.05352502645714703e+04 2.79158658009672945e+03 3.02791583647701540e+05 2.99999997067604796e+05 0.00000000000000000e+00 1.25734368339180946e-06 0.00000000000000000e+00 0.00000000000000000e+00
44 1.77827941003892338e+04 2.24957904658460029e+03 3.02249576112537819e+05 2.99999997065953212e+05 0.00000000000000000e+00 1.02742342278361320e-06 0.00000000000000000e+00 0.00000000000000000e+00
45 1.53992652605949224e+04 1.81279053651462345e+03 3.01812787601099990e+05 2.99999997064585390e+05 0.00000000000000000e+00 7.66303855925798416e-07 0.00000000000000000e+00 0.00000000000000000e+00
46 1.33352143216332406e+04 1.46082720568313630e+03 3.01460824269367906e+05 2.99999997063684743e+05 0.00000000000000000e+00 6.00644852966070175e-07 0.00000000000000000e+00 0.00000000000000000e+00
47 1.15478198468945793e+04 1.17718421373922820e+03 3.01177181276686140e+05 2.99999997062946903e+05 0.00000000000000000e+00 5.07978256791830063e-07 0.00000000000000000e+00 0.00000000000000000e+00
48 1.00000000000000036e+04 9.48621819982535612e+02 3.00948618882276816e+05 2.99999997062294278e+05 0.00000000000000000e+00 4.16825059801340103e-07 0.00000000000000000e+00 0.00000000000000000e+00
49 8.65964323360065646e+03 7.64432463014540986e+02 3.00764429524764011e+05 2.99999997061749455e+05 0.00000000000000000e+00 2.91387550532817841e-07 0.00000000000000000e+00 0.00000000000000000e+00
50 7.49894209332455921e+03 6.16005233754724145e+02 3.00616002295164973e+05 2.99999997061410220e+05 0.00000000000000000e+00 2.44413968175649643e-07 0.00000000000000000e+00 0.00000000000000000e+00
51 6.49381631576211385e+03 4.96398737263245437e+02 3.00496395798378158e+05 2.99999997061114933e+05 0.00000000000000000e+00 2.09256540983915329e-07 0.00000000000000000e+00 0.00000000000000000e+00
52 5.62341325190349016e+03 4.00010999196948660e+02 3.00400008060047287e+05 2.99999997060850321e+05 0.00000000000000000e+00 1.76660250872373581e-07 0.00000000000000000e+00 0.00000000000000000e+00
53 4.86967525165863026e+03 3.22342343424604735e+02 3.00322339404043392e+05 2.99999997060618771e+05 0.00000000000000000e+00 1.45053490996360779e-07 0.00000000000000000e+00 0.00000000000000000e+00
54 4.21696503428582037e+03 2.59749950712948078e+02 3.00259747011139349e+05 2.99999997060426394e+05 0.00000000000000000e+00 1.08440872281789780e-07 0.00000000000000000e+00 0.00000000000000000e+00
55 3.65174127254837504e+03 2.09312200224775779e+02 3.00209309260524344e+05 2.99999997060299560e+05 0.00000000000000000e+00 8.50996002554893494e-08 0.00000000000000000e+00 0.00000000000000000e+00
56 3.16227766016838223e+03 1.68666655328179047e+02 3.00168663715523318e+05 2.99999997060195135e+05 0.00000000000000000e+00 7.20610842108726501e-08 0.00000000000000000e+00 0.00000000000000000e+00
57 2.73841963426436314e+03 1.35912596948498134e+02 3.00135909657051379e+05 2.99999997060102876e+05 0.00000000000000000e+00 5.91971911489963531e-08 0.00000000000000000e+00 0.00000000000000000e+00
58 2.37137370566165646e+03 1.09518665944992804e+02 3.00109515725970617e+05 2.99999997060025635e+05 0.00000000000000000e+00 4.17348928749561310e-08 0.00000000000000000e+00 0.00000000000000000e+00
59 2.05352502645714685e+03 8.82484336962230316e+01 3.00088245493673719e+05 2.99999997059977497e+05 0.00000000000000000e+00 3.42843122780323029e-08 0.00000000000000000e+00 0.00000000000000000e+00
60 1.77827941003892329e+03 7.11089918186519725e+01 3.00071106051754963e+05 2.99999997059936286e+05 0.00000000000000000e+00 2.92202457785606384e-08 0.00000000000000000e+00 0.00000000000000000e+00
61 1.53992652605949229e+03 5.72965356968979762e+01 3.00057293595596508e+05 2.99999997059899615e+05 0.00000000000000000e+00 2.51457095146179199e-08 0.00000000000000000e+00 0.00000000000000000e+00
62 1.33352143216332388e+03 4.61662451165364516e+01 3.00046163304983813e+05 2.99999997059867252e+05 0.00000000000000000e+00 2.04308889806270599e-08 0.00000000000000000e+00 0.00000000000000000e+00
63 1.15478198468945789e+03 3.71968897488396664e+01 3.00037193949588982e+05 2.99999997059840127e+05 0.00000000000000000e+00 1.51921994984149933e-08 0.00000000000000000e+00 0.00000000000000000e+00
64 9.99999999999999659e+02 2.99689168397480366e+01 3.00029965976662468e+05 2.99999997059822723e+05 0.00000000000000000e+00 1.19907781481742859e-08 0.00000000000000000e+00 0.00000000000000000e+00
65 8.65964323360065009e+02 2.41444893083516945e+01 3.00024141549116583e+05 2.99999997059808229e+05 0.00000000000000000e+00 1.02445483207702637e-08 0.00000000000000000e+00 0.00000000000000000e+00
66 7.49894209332456398e+02 1.94507114236118035e+01 3.00019447771218780e+05 2.99999997059795191e+05 0.00000000000000000e+00 7.97444954514503479e-09 0.00000000000000000e+00 0.00000000000000000e+00
67 6.49381631576211817e+02 1.56684771585583871e+01 3.00015665536943532e+05 2.99999997059784946e+05 0.00000000000000000e+00 3.25962901115417480e-09 0.00000000000000000e+00 0.00000000000000000e+00
68 5.62341325190349380e+02 1.26204408973373035e+01 3.00012617500679626e+05 2.99999997059782268e+05 0.00000000000000000e+00 2.85217538475990295e-09 0.00000000000000000e+00 0.00000000000000000e+00
69 4.86967525165863321e+02 1.01642780678276949e+01 3.00010161337847239e+05 2.99999997059779416e+05 0.00000000000000000e+00 3.89991328120231628e-09 0.00000000000000000e+00 0.00000000000000000e+00
70 4.21696503428582332e+02 8.18498832792518805e+00 3.00008182048102666e+05 2.99999997059774760e+05 0.00000000000000000e+00 3.43425199389457703e-09 0.00000000000000000e+00 0.00000000000000000e+00
71 3.65174127254837742e+02 6.58996231275784261e+00 3.00006587022082938e+05 2.99999997059770161e+05 0.00000000000000000e+00 2.73576006293296814e-09 0.00000000000000000e+00 0.00000000000000000e+00
72 3.16227766016837961e+02 5.30466891968533094e+00 3.00005301728686027e+05 2.99999997059766320e+05 0.00000000000000000e+00 2.15368345379829407e-09 0.00000000000000000e+00 0.00000000000000000e+00
73 2.73841963426436052e+02 4.26887657699056522e+00 3.00004265936340962e+05 2.99999997059763991e+05 0.00000000000000000e+00 1.33877620100975037e-09 0.00000000000000000e+00 0.00000000000000000e+00
74 2.37137370566165430e+02 3.43423496796455385e+00 3.00003431294730166e+05 2.99999997059762187e+05 0.00000000000000000e+00 7.56699591875076294e-10 0.00000000000000000e+00 0.00000000000000000e+00
75 2.05352502645714509e+02 2.76161585008810162e+00 3.00002758675611345e+05 2.99999997059761256e+05 0.00000000000000000e+00 9.89530235528945923e-10 0.00000000000000000e+00 0.00000000000000000e+00
76 1.77827941003892420e+02 2.21960539372538435e+00 3.00002216665154265e+05 2.99999997059760557e+05 0.00000000000000000e+00 6.98491930961608887e-10 0.00000000000000000e+00 0.00000000000000000e+00
77 1.53992652605949331e+02 1.78283079124395805e+00 3.00001779890550650e+05 2.99999997059759393e+05 0.00000000000000000e+00 5.82076609134674072e-10 0.00000000000000000e+00 0.00000000000000000e+00
78 1.33352143216332479e+02 1.43085006429016448e+00 3.00001427909822960e+05 2.99999997059758694e+05 0.00000000000000000e+00 5.82076609134674072e-10 0.00000000000000000e+00 0.00000000000000000e+00
79 1.15478198468945862e+02 1.14722071732576048e+00 3.00001144280475448e+05 2.99999997059758112e+05 0.00000000000000000e+00 3.49245965480804443e-10 0.00000000000000000e+00 0.00000000000000000e+00
80 1.00000000000000028e+02 9.18648881140640583e-01 3.00000915708638669e+05 2.99999997059757530e+05 0.00000000000000000e+00 4.07453626394271851e-10 0.00000000000000000e+00 0.00000000000000000e+00
81 8.65964323360065578e+01 7.34465052633775706e-01 3.00000731524809788e+05 2.99999997059757181e+05 0.00000000000000000e+00 2.91038304567337036e-10 0.00000000000000000e+00 0.00000000000000000e+00
82 7.49894209332455830e+01 5.86036263149967485e-01 3.00000583096020157e+05 2.99999997059757006e+05 0.00000000000000000e+00 2.91038304567337036e-10 0.00000000000000000e+00 0.00000000000000000e+00
83 6.49381631576211191e+01 4.66428699675715375e-01 3.00000463488456269e+05 2.99999997059756599e+05 0.00000000000000000e+00 2.91038304567337036e-10 0.00000000000000000e+00 0.00000000000000000e+00
84 5.62341325190348869e+01 3.70044477676480854e-01 3.00000367104234174e+05 2.99999997059756482e+05 0.00000000000000000e+00 0.00000000000000000e+00 0.00000000000000000e+00 0.00000000000000000e+00
85 4.86967525165862867e+01 2.92371517788670987e-01 3.00000289431274112e+05 2.99999997059756308e+05 0.00000000000000000e+00 1.74622982740402222e-10 0.00000000000000000e+00 0.00000000000000000e+00
86 4.21696503428582687e+01 2.29782243567145467e-01 3.00000226841999684e+05 2.99999997059756133e+05 0.00000000000000000e+00 5.82076609134674072e-11 0.00000000000000000e+00 0.00000000000000000e+00
87 3.65174127254838012e+01 1.79342531709391184e-01 3.00000176402287674e+05 2.99999997059755959e+05 0.00000000000000000e+00 4.65661287307739258e-10 0.00000000000000000e+00 0.00000000000000000e+00
88 3.16227766016838139e+01 1.38697935019068824e-01 3.00000135757690819e+05 2.99999997059755784e+05 0.00000000000000000e+00 1.74622982740402222e-10 0.00000000000000000e+00 0.00000000000000000e+00
89 2.73841963426436266e+01 1.05943738976278998e-01 3.00000103003494442e+05 2.99999997059755493e+05 0.00000000000000000e+00 -1.16415321826934814e-10 0.00000000000000000e+00 0.00000000000000000e+00
90 2.37137370566165622e+01 7.95494132468629878e-02 3.00000076609168784e+05 2.99999997059755551e+05 0.00000000000000000e+00 0.00000000000000000e+00 0.00000000000000000e+00 0.00000000000000000e+00
91 2.05352502645714665e+01 5.82799937440159413e-02 3.00000055339749320e+05 2.99999997059755551e+05 0.00000000000000000e+00 5.82076609134674072e-11 0.00000000000000000e+00 0.00000000000000000e+00
92 1.77827941003892285e+01 4.11396043184081711e-02 3.00000038199359842e+05 2.99999997059755551e+05 0.00000000000000000e+00 1.16415321826934814e-10 0.00000000000000000e+00 0.00000000000000000e+00
93 1.53992652605949178e+01 2.73278600983077255e-02 3.00000024387615500e+05 2.99999997059755377e+05 0.00000000000000000e+00 5.82076609134674072e-11 0.00000000000000000e+00 0.00000000000000000e+00
94 1.33352143216332362e+01 1.61971636865836724e-02 3.00000013256918930e+05 2.99999997059755260e+05 0.00000000000000000e+00 -1.74622982740402222e-10 0.00000000000000000e+00 0.00000000000000000e+00
95 1.15478198468945781e+01 7.22795773719537953e-03 3.00000004287713149e+05 2.99999997059755435e+05 0.00000000000000000e+00 0.00000000000000000e+00 0.00000000000000000e+00 0.00000000000000000e+00
96 1.00000000000000036e+01 0.00000000000000000e+00 2.99999997059755202e+05 2.99999997059755202e+05 0.00000000000000000e+00 not_avail. 0.00000000000000000e+00 not_avail.