This file contains the integrated total and net fluxes at each interface resp. layer. 
Fluxes given in [erg s^-1 cm^-2].
interface press.[10^-6bar] F_down F_up F_net F_dir delta_F_net F_net_conv F_add_heat F_intern
0 1.00000000000000000e+07 1.13437523614475578e+07 1.22578748620825689e+07 9.14122500635011122e+05 0.00000000000000000e+00 not_avail. 0.00000000000000000e+00 0.00000000000000000e+00 3.00000000009757525e+05
1 8.65964323360065371e+06 9.62342735166556388e+06 1.13437523614475578e+07 1.72032500978199393e+06 0.00000000000000000e+00 not_avail. 0.00000000000000000e+00 0.00000000000000000e+00
2 7.49894209332455788e+06 8.16390707918134704e+06 9.62342735166564584e+06 1.45952027248429880e+06 0.00000000000000000e+00 not_avail. 0.00000000000000000e+00 0.00000000000000000e+00
3 6.49381631576211285e+06 6.92569083774667233e+06 8.16390707921228185e+06 1.23821624146560952e+06 0.00000000000000000e+00 not_avail. 0.00000000000000000e+00 0.00000000000000000e+00
4 5.62341325190349109e+06 5.87532889701447915e+06 6.92569084124227148e+06 1.05036194422779232e+06 0.00000000000000000e+00 not_avail. 0.00000000000000000e+00 0.00000000000000000e+00
5 4.86967525165863149e+06 4.98432154546670523e+06 5.87532904955018312e+06 8.91007504083477892e+05 0.00000000000000000e+00 not_avail. 0.00000000000000000e+00 0.00000000000000000e+00
6 4.21696503428582288e+06 4.22840830947757419e+06 4.98432464983745478e+06 7.55916340359880589e+05 0.00000000000000000e+00 not_avail. 0.00000000000000000e+00 0.00000000000000000e+00
7 3.65174127254837705e+06 3.58708377256829292e+06 4.22844231837659422e+06 6.41358545808301307e+05 0.00000000000000000e+00 not_avail. 0.00000000000000000e+00 0.00000000000000000e+00
8 3.16227766016837955e+06 3.04278096996686282e+06 3.58731088585814368e+06 5.44529915891280863e+05 0.00000000000000000e+00 not_avail. 0.00000000000000000e+00 0.00000000000000000e+00
9 2.73841963426436111e+06 2.58005617912391201e+06 3.04379760062817298e+06 4.63741421504260972e+05 0.00000000000000000e+00 not_avail. 0.00000000000000000e+00 0.00000000000000000e+00
10 2.37137370566165540e+06 2.18621200920056645e+06 2.58335968481558189e+06 3.97147675615015440e+05 0.00000000000000000e+00 not_avail. 0.00000000000000000e+00 0.00000000000000000e+00
11 2.05352502645714604e+06 1.85048785184285836e+06 2.19452148560970835e+06 3.44033633766849991e+05 0.00000000000000000e+00 not_avail. 0.00000000000000000e+00 0.00000000000000000e+00
12 1.77827941003892291e+06 1.56224166269615851e+06 1.86759121308680717e+06 3.05349550390648656e+05 0.00000000000000000e+00 not_avail. 0.00000000000000000e+00 0.00000000000000000e+00
13 1.53992652605949179e+06 1.31505606853092276e+06 1.59237593369629537e+06 2.77319865165372612e+05 0.00000000000000000e+00 not_avail. 0.00000000000000000e+00 0.00000000000000000e+00
14 1.33352143216332421e+06 1.10402269735762826e+06 1.36189635033197096e+06 2.57873652974342695e+05 0.00000000000000000e+00 not_avail. 0.00000000000000000e+00 0.00000000000000000e+00
15 1.15478198468945827e+06 9.27611183430967038e+05 1.16969297459402983e+06 2.42081791163062793e+05 0.00000000000000000e+00 not_avail. 0.00000000000000000e+00 0.00000000000000000e+00
16 9.99999999999999884e+05 7.79834382362949545e+05 1.01268140277623851e+06 2.32847020413288963e+05 0.00000000000000000e+00 not_avail. 0.00000000000000000e+00 0.00000000000000000e+00
17 8.65964323360065464e+05 6.67078917538463604e+05 8.81179508683561231e+05 2.14100591145097627e+05 0.00000000000000000e+00 not_avail. 0.00000000000000000e+00 0.00000000000000000e+00
18 7.49894209332455765e+05 5.64664807413241128e+05 7.84863012069207733e+05 2.20198204655966605e+05 0.00000000000000000e+00 not_avail. 0.00000000000000000e+00 0.00000000000000000e+00
19 6.49381631576211425e+05 4.72470824312185461e+05 7.05503521536278538e+05 2.33032697224093077e+05 0.00000000000000000e+00 not_avail. 0.00000000000000000e+00 0.00000000000000000e+00
20 5.62341325190349133e+05 3.92527513439219794e+05 6.37185505992067396e+05 2.44657992552847601e+05 0.00000000000000000e+00 not_avail. 0.00000000000000000e+00 0.00000000000000000e+00
21 4.86967525165863044e+05 3.21725125509758538e+05 5.80577992184042116e+05 2.58852866674283578e+05 0.00000000000000000e+00 not_avail. 0.00000000000000000e+00 0.00000000000000000e+00
22 4.21696503428582335e+05 2.61362755588567583e+05 5.32122750217704568e+05 2.70759994629136985e+05 0.00000000000000000e+00 not_avail. 0.00000000000000000e+00 0.00000000000000000e+00
23 3.65174127254837716e+05 2.11932303625236935e+05 4.90193987899016007e+05 2.78261684273779043e+05 0.00000000000000000e+00 not_avail. 0.00000000000000000e+00 0.00000000000000000e+00
24 3.16227766016837966e+05 1.70856647861363512e+05 4.55534010417808720e+05 2.84677362556445180e+05 0.00000000000000000e+00 not_avail. 0.00000000000000000e+00 0.00000000000000000e+00
25 2.73841963426436123e+05 1.37461951364033128e+05 4.26591240604275547e+05 2.89129289240242448e+05 0.00000000000000000e+00 not_avail. 0.00000000000000000e+00 0.00000000000000000e+00
26 2.37137370566165511e+05 1.10917905579132901e+05 4.02244714726858481e+05 2.91326809147725580e+05 0.00000000000000000e+00 not_avail. 0.00000000000000000e+00 0.00000000000000000e+00
27 2.05352502645714558e+05 8.91735831444357027e+04 3.82639094404409290e+05 2.93465511259973573e+05 0.00000000000000000e+00 not_avail. 0.00000000000000000e+00 0.00000000000000000e+00
28 1.77827941003892367e+05 7.17367158863590739e+04 3.66534572431077249e+05 2.94797856544718146e+05 0.00000000000000000e+00 not_avail. 0.00000000000000000e+00 0.00000000000000000e+00
29 1.53992652605949261e+05 5.77632328055517646e+04 3.53370957541722280e+05 2.95607724736170494e+05 0.00000000000000000e+00 not_avail. 0.00000000000000000e+00 0.00000000000000000e+00
30 1.33352143216332421e+05 4.64469058366785976e+04 3.42757650618054555e+05 2.96310744781375979e+05 0.00000000000000000e+00 not_avail. 0.00000000000000000e+00 0.00000000000000000e+00
31 1.15478198468945819e+05 3.73994398742968042e+04 3.34097386426333280e+05 2.96697946552036447e+05 0.00000000000000000e+00 not_avail. 0.00000000000000000e+00 0.00000000000000000e+00
32 9.99999999999999854e+04 3.01055238777063423e+04 3.27104701494399516e+05 2.96999177616693196e+05 0.00000000000000000e+00 not_avail. 0.00000000000000000e+00 0.00000000000000000e+00
33 8.65964323360065755e+04 2.42261727257726670e+04 3.21459180760519695e+05 2.97233008034747036e+05 0.00000000000000000e+00 not_avail. 0.00000000000000000e+00 0.00000000000000000e+00
34 7.49894209332456085e+04 1.95227028944010344e+04 3.16870267817897140e+05 2.97347564923496102e+05 0.00000000000000000e+00 not_avail. 0.00000000000000000e+00 0.00000000000000000e+00
35 6.49381631576211366e+04 1.57194675920487516e+04 3.13181730406651914e+05 2.97462262814603164e+05 0.00000000000000000e+00 not_avail. 0.00000000000000000e+00 0.00000000000000000e+00
36 5.62341325190349089e+04 1.26587179080642509e+04 3.10203297925947292e+05 2.97544580017883040e+05 0.00000000000000000e+00 not_avail. 0.00000000000000000e+00 0.00000000000000000e+00
37 4.86967525165863044e+04 1.01993011113862594e+04 3.07794992597605858e+05 2.97595691486219584e+05 0.00000000000000000e+00 not_avail. 0.00000000000000000e+00 0.00000000000000000e+00
38 4.21696503428582437e+04 8.21475863551707153e+03 3.05856108337953745e+05 2.97641349702436652e+05 0.00000000000000000e+00 not_avail. 0.00000000000000000e+00 0.00000000000000000e+00
39 3.65174127254837804e+04 6.61812728648062875e+03 3.04290922999313392e+05 2.97672795712832769e+05 0.00000000000000000e+00 not_avail. 0.00000000000000000e+00 0.00000000000000000e+00
40 3.16227766016837995e+04 5.33216967404360003e+03 3.03028479018745944e+05 2.97696309344702342e+05 0.00000000000000000e+00 not_avail. 0.00000000000000000e+00 0.00000000000000000e+00
41 2.73841963426436123e+04 4.29570859405530609e+03 3.02011318021407584e+05 2.97715609427352261e+05 0.00000000000000000e+00 not_avail. 0.00000000000000000e+00 0.00000000000000000e+00
42 2.37137370566165482e+04 3.46147051006351921e+03 3.01190478251501801e+05 2.97729007741438283e+05 0.00000000000000000e+00 not_avail. 0.00000000000000000e+00 0.00000000000000000e+00
43 2.05352502645714703e+04 2.78898202092803331e+03 3.00529194878432609e+05 2.97740212857504550e+05 0.00000000000000000e+00 not_avail. 0.00000000000000000e+00 0.00000000000000000e+00
44 1.77827941003892338e+04 2.24716236137759051e+03 2.99996190802015131e+05 2.97749028440637514e+05 0.00000000000000000e+00 not_avail. 0.00000000000000000e+00 0.00000000000000000e+00
45 1.53992652605949224e+04 1.81081204494017743e+03 2.99566342574997281e+05 2.97755530530057091e+05 0.00000000000000000e+00 not_avail. 0.00000000000000000e+00 0.00000000000000000e+00
46 1.33352143216332406e+04 1.45911792720920675e+03 2.99220069884067867e+05 2.97760951956858684e+05 0.00000000000000000e+00 not_avail. 0.00000000000000000e+00 0.00000000000000000e+00
47 1.15478198468945793e+04 1.17574548952194027e+03 2.98940926672716450e+05 2.97765181183194509e+05 0.00000000000000000e+00 not_avail. 0.00000000000000000e+00 0.00000000000000000e+00
48 1.00000000000000036e+04 9.47450196468325885e+02 2.98715944839168340e+05 2.97768494642700010e+05 0.00000000000000000e+00 not_avail. 0.00000000000000000e+00 0.00000000000000000e+00
49 8.65964323360065646e+03 7.63459923069106253e+02 2.98534645409842662e+05 2.97771185486773553e+05 0.00000000000000000e+00 not_avail. 0.00000000000000000e+00 0.00000000000000000e+00
50 7.49894209332455921e+03 6.15220636067941086e+02 2.98388517872312048e+05 2.97773297236244078e+05 0.00000000000000000e+00 not_avail. 0.00000000000000000e+00 0.00000000000000000e+00
51 6.49381631576211385e+03 4.95766227349357905e+02 2.98270764843198296e+05 2.97774998615848948e+05 0.00000000000000000e+00 not_avail. 0.00000000000000000e+00 0.00000000000000000e+00
52 5.62341325190349016e+03 3.99497943713959216e+02 2.98175870709047769e+05 2.97776372765333799e+05 0.00000000000000000e+00 not_avail. 0.00000000000000000e+00 0.00000000000000000e+00
53 4.86967525165863026e+03 3.21938265545140212e+02 2.98099399195408565e+05 2.97777460929863446e+05 0.00000000000000000e+00 not_avail. 0.00000000000000000e+00 0.00000000000000000e+00
54 4.21696503428582037e+03 2.59425628304408463e+02 2.98037773496366572e+05 2.97778347868062148e+05 0.00000000000000000e+00 not_avail. 0.00000000000000000e+00 0.00000000000000000e+00
55 3.65174127254837504e+03 2.09053388027503587e+02 2.97988114902998437e+05 2.97779061514970905e+05 0.00000000000000000e+00 not_avail. 0.00000000000000000e+00 0.00000000000000000e+00
56 3.16227766016838223e+03 1.68461064670959274e+02 2.97948095203708624e+05 2.97779634139037691e+05 0.00000000000000000e+00 not_avail. 0.00000000000000000e+00 0.00000000000000000e+00
57 2.73841963426436314e+03 1.35748838412486123e+02 2.97915846593619324e+05 2.97780097755206865e+05 0.00000000000000000e+00 not_avail. 0.00000000000000000e+00 0.00000000000000000e+00
58 2.37137370566165646e+03 1.09389342181330989e+02 2.97889859948364552e+05 2.97780470606183226e+05 0.00000000000000000e+00 not_avail. 0.00000000000000000e+00 0.00000000000000000e+00
59 2.05352502645714685e+03 8.81464888571406817e+01 2.97868917591111560e+05 2.97780771102254395e+05 0.00000000000000000e+00 not_avail. 0.00000000000000000e+00 0.00000000000000000e+00
60 1.77827941003892329e+03 7.10294583872238121e+01 2.97852043449560995e+05 2.97781013991173764e+05 0.00000000000000000e+00 not_avail. 0.00000000000000000e+00 0.00000000000000000e+00
61 1.53992652605949229e+03 5.72347139237243354e+01 2.97838443906341097e+05 2.97781209192417387e+05 0.00000000000000000e+00 not_avail. 0.00000000000000000e+00 0.00000000000000000e+00
62 1.33352143216332388e+03 4.61181109745674718e+01 2.97827486042914796e+05 2.97781367931940244e+05 0.00000000000000000e+00 not_avail. 0.00000000000000000e+00 0.00000000000000000e+00
63 1.15478198468945789e+03 3.71590615682698768e+01 2.97818656106370210e+05 2.97781497044801945e+05 0.00000000000000000e+00 not_avail. 0.00000000000000000e+00 0.00000000000000000e+00
64 9.99999999999999659e+02 2.99390231652299867e+01 2.97811540886785951e+05 2.97781601863620745e+05 0.00000000000000000e+00 not_avail. 0.00000000000000000e+00 0.00000000000000000e+00
65 8.65964323360065009e+02 2.41208498296381677e+01 2.97805807678740588e+05 2.97781686828910955e+05 0.00000000000000000e+00 not_avail. 0.00000000000000000e+00 0.00000000000000000e+00
66 7.49894209332456398e+02 1.94318522008808969e+01 2.97801187480234599e+05 2.97781755628033716e+05 0.00000000000000000e+00 not_avail. 0.00000000000000000e+00 0.00000000000000000e+00
67 6.49381631576211817e+02 1.56535128409216338e+01 2.97797464788558718e+05 2.97781811275717802e+05 0.00000000000000000e+00 not_avail. 0.00000000000000000e+00 0.00000000000000000e+00
68 5.62341325190349380e+02 1.26084759516776366e+01 2.97794464630175964e+05 2.97781856154224311e+05 0.00000000000000000e+00 not_avail. 0.00000000000000000e+00 0.00000000000000000e+00
69 4.86967525165863321e+02 1.01547073569187969e+01 2.97792047114454850e+05 2.97781892407097912e+05 0.00000000000000000e+00 not_avail. 0.00000000000000000e+00 0.00000000000000000e+00
70 4.21696503428582332e+02 8.17729807063907366e+00 2.97790098977687245e+05 2.97781921679616615e+05 0.00000000000000000e+00 not_avail. 0.00000000000000000e+00 0.00000000000000000e+00
71 3.65174127254837742e+02 6.58377262306371058e+00 2.97788529079318629e+05 2.97781945306695590e+05 0.00000000000000000e+00 not_avail. 0.00000000000000000e+00 0.00000000000000000e+00
72 3.16227766016837961e+02 5.29970688103406129e+00 2.97787264076587802e+05 2.97781964369706751e+05 0.00000000000000000e+00 not_avail. 0.00000000000000000e+00 0.00000000000000000e+00
73 2.73841963426436052e+02 4.26487011823633821e+00 2.97786244618586672e+05 2.97781979748468439e+05 0.00000000000000000e+00 not_avail. 0.00000000000000000e+00 0.00000000000000000e+00
74 2.37137370566165430e+02 3.43103759486259552e+00 2.97785423159032653e+05 2.97781992121437797e+05 0.00000000000000000e+00 not_avail. 0.00000000000000000e+00 0.00000000000000000e+00
75 2.05352502645714509e+02 2.75904256842438622e+00 2.97784761142167263e+05 2.97782002099598816e+05 0.00000000000000000e+00 not_avail. 0.00000000000000000e+00 0.00000000000000000e+00
76 1.77827941003892420e+02 2.21753561403950306e+00 2.97784227680129174e+05 2.97782010144515138e+05 0.00000000000000000e+00 not_avail. 0.00000000000000000e+00 0.00000000000000000e+00
77 1.53992652605949331e+02 1.78116269356533463e+00 2.97783797792999889e+05 2.97782016630306316e+05 0.00000000000000000e+00 not_avail. 0.00000000000000000e+00 0.00000000000000000e+00
78 1.33352143216332479e+02 1.42950566019362246e+00 2.97783451364449400e+05 2.97782021858789201e+05 0.00000000000000000e+00 not_avail. 0.00000000000000000e+00 0.00000000000000000e+00
79 1.15478198468945862e+02 1.14614461753717811e+00 2.97783172217637184e+05 2.97782026073019661e+05 0.00000000000000000e+00 not_avail. 0.00000000000000000e+00 0.00000000000000000e+00
80 1.00000000000000028e+02 9.17785887890659402e-01 2.97782947247982491e+05 2.97782029462094593e+05 0.00000000000000000e+00 not_avail. 0.00000000000000000e+00 0.00000000000000000e+00
81 8.65964323360065578e+01 7.33779358243574320e-01 2.97782765972794499e+05 2.97782032193436229e+05 0.00000000000000000e+00 not_avail. 0.00000000000000000e+00 0.00000000000000000e+00
82 7.49894209332455830e+01 5.85488452179407481e-01 2.97782619883400854e+05 2.97782034394948685e+05 0.00000000000000000e+00 not_avail. 0.00000000000000000e+00 0.00000000000000000e+00
83 6.49381631576211191e+01 4.65992205663576076e-01 2.97782502161394281e+05 2.97782036169188621e+05 0.00000000000000000e+00 not_avail. 0.00000000000000000e+00 0.00000000000000000e+00
84 5.62341325190348869e+01 3.69697434258635937e-01 2.97782407296511519e+05 2.97782037599077274e+05 0.00000000000000000e+00 not_avail. 0.00000000000000000e+00 0.00000000000000000e+00
85 4.86967525165862867e+01 2.92096591040481912e-01 2.97782330848058104e+05 2.97782038751467073e+05 0.00000000000000000e+00 not_avail. 0.00000000000000000e+00 0.00000000000000000e+00
86 4.21696503428582687e+01 2.29567460942815993e-01 2.97782269247557095e+05 2.97782039680096146e+05 0.00000000000000000e+00 not_avail. 0.00000000000000000e+00 0.00000000000000000e+00
87 3.65174127254838012e+01 1.79174491995925084e-01 2.97782219603018486e+05 2.97782040428526467e+05 0.00000000000000000e+00 not_avail. 0.00000000000000000e+00 0.00000000000000000e+00
88 3.16227766016838139e+01 1.38568674744235426e-01 2.97782179600298346e+05 2.97782041031623608e+05 0.00000000000000000e+00 not_avail. 0.00000000000000000e+00 0.00000000000000000e+00
89 2.73841963426436266e+01 1.05844784701763270e-01 2.97782147362455027e+05 2.97782041517670325e+05 0.00000000000000000e+00 not_avail. 0.00000000000000000e+00 0.00000000000000000e+00
90 2.37137370566165622e+01 7.94749444603294192e-02 2.97782121384295286e+05 2.97782041909350839e+05 0.00000000000000000e+00 not_avail. 0.00000000000000000e+00 0.00000000000000000e+00
91 2.05352502645714665e+01 5.82253084787724903e-02 2.97782100450294209e+05 2.97782042224985722e+05 0.00000000000000000e+00 not_avail. 0.00000000000000000e+00 0.00000000000000000e+00
92 1.77827941003892285e+01 4.11007991822347624e-02 2.97782083580150851e+05 2.97782042479351687e+05 0.00000000000000000e+00 not_avail. 0.00000000000000000e+00 0.00000000000000000e+00
93 1.53992652605949178e+01 2.73023665366722290e-02 2.97782069986681861e+05 2.97782042684315296e+05 0.00000000000000000e+00 not_avail. 0.00000000000000000e+00 0.00000000000000000e+00
94 1.33352143216332362e+01 1.61819701967141558e-02 2.97782059031471086e+05 2.97782042849500896e+05 0.00000000000000000e+00 not_avail. 0.00000000000000000e+00 0.00000000000000000e+00
95 1.15478198468945781e+01 7.22127657893750080e-03 2.97782050203883264e+05 2.97782042982606683e+05 0.00000000000000000e+00 not_avail. 0.00000000000000000e+00 0.00000000000000000e+00
96 1.00000000000000036e+01 0.00000000000000000e+00 2.97782043089875253e+05 2.97782043089875253e+05 0.00000000000000000e+00 not_avail. 0.00000000000000000e+00 not_avail.